 0.000000e+00
 2.861885e+04
 6.438526e+04
 9.513992e+04
 1.265176e+05
 1.728802e+05
 2.458217e+05
 2.945277e+05
 2.973125e+05
 4.385661e+05
 5.493204e+05
 5.642361e+05
 6.205804e+05
 5.684590e+05
 6.187630e+05
 6.420730e+05
 6.786676e+05
 7.751989e+05
 6.520691e+05
 6.518224e+05
 7.623164e+05
 8.346556e+05
 8.026137e+05
 7.600123e+05
 6.906524e+05
 7.202483e+05
 8.587403e+05
 9.505546e+05
 8.927083e+05
 8.441691e+05
 8.181665e+05
 8.401389e+05
 9.763053e+05
 1.084398e+06
 1.219849e+06
 1.238411e+06
 1.438512e+06
 1.418990e+06
 1.544372e+06
 1.541404e+06
 1.555355e+06
 1.558548e+06
 1.683377e+06
 1.739072e+06
 2.130682e+06
 2.273142e+06
 2.171977e+06
 2.338649e+06
 2.121075e+06
 2.293692e+06
 2.263992e+06
 2.252630e+06
 2.418202e+06
 2.194907e+06
 2.155752e+06
 2.203612e+06
 2.395040e+06
 2.417228e+06
 2.201775e+06
 1.981394e+06
 2.171494e+06
 2.254270e+06
 2.300436e+06
 2.152987e+06
 2.027740e+06
 1.951566e+06
 1.942267e+06
 1.929255e+06
 2.050754e+06
 2.241360e+06
 2.301915e+06
 2.419710e+06
 2.380907e+06
 2.588318e+06
 2.594360e+06
 2.551841e+06
 2.486504e+06
 2.685493e+06
 2.788122e+06
 3.248931e+06
 3.211701e+06
 3.118150e+06
 3.255666e+06
 3.071445e+06
 3.259971e+06
 3.330602e+06
 3.359256e+06
 3.314937e+06
 3.040393e+06
 3.002900e+06
 3.002329e+06
 3.172051e+06
 3.287605e+06
 3.069117e+06
 2.885863e+06
 3.073041e+06
 3.129831e+06
 3.200078e+06
 2.947875e+06
 2.915410e+06
 2.892530e+06
 2.727929e+06
 2.665632e+06
 2.766018e+06
 2.923874e+06
 2.918057e+06
 3.057257e+06
 3.032666e+06
 3.168858e+06
 3.277690e+06
 3.263123e+06
 3.510921e+06
 3.638966e+06
 3.668132e+06
 4.170953e+06
 4.233740e+06
 4.231883e+06
 4.199235e+06
 4.067825e+06
 4.243315e+06
 4.396129e+06
 4.364665e+06
 4.373022e+06
 4.128102e+06
 4.093936e+06
 4.212922e+06
 4.352267e+06
 4.584744e+06
 4.245435e+06
 3.953664e+06
 4.044171e+06
 3.971080e+06
 4.169135e+06
 3.951872e+06
 3.991596e+06
 4.018979e+06
 3.926848e+06
 4.009200e+06
 4.034507e+06
 4.266980e+06
 4.328986e+06
 4.608673e+06
 4.550229e+06
 4.738633e+06
 5.023915e+06
 5.038228e+06
 5.386682e+06
 5.450214e+06
 5.618285e+06
 6.072135e+06
 6.050967e+06
 5.981482e+06
 5.973508e+06
 5.695776e+06
 5.867913e+06
 5.970655e+06
 5.875804e+06
 5.981957e+06
 5.751099e+06
 5.906442e+06
 6.031404e+06
 6.219606e+06
 6.456395e+06
 5.939458e+06
 5.576436e+06
 5.694515e+06
 5.573389e+06
 5.588266e+06
 5.478183e+06
 5.400899e+06
 5.353359e+06
 5.169712e+06
 5.154701e+06
 5.233356e+06
 5.470652e+06
 5.538991e+06
 5.774652e+06
 5.769819e+06
 5.817580e+06
 5.358725e+06
 5.429058e+06
 5.904419e+06
 5.693082e+06
 6.012405e+06
 6.562159e+06
 6.426318e+06
 6.449666e+06
 6.392276e+06
 6.238311e+06
 6.614413e+06
 6.895004e+06
 6.876654e+06
 6.909376e+06
 6.629890e+06
 6.715204e+06
 6.845954e+06
 7.077348e+06
 7.164419e+06
 6.625772e+06
 6.254721e+06
 6.526680e+06
 6.456023e+06
 6.533838e+06
 6.378078e+06
 6.181433e+06
 6.167737e+06
 5.763358e+06
 5.814177e+06
 5.934813e+06
 6.235982e+06
 6.224114e+06
 6.418112e+06
 6.373475e+06
 6.398845e+06
 6.208139e+06
 6.212221e+06
 6.856688e+06
 6.616081e+06
 6.990126e+06
 7.322076e+06
 7.109470e+06
 7.236136e+06
 7.066403e+06
 6.760103e+06
 7.172480e+06
 7.500904e+06
 7.462093e+06
 7.517045e+06
 7.061828e+06
 7.231634e+06
 7.164457e+06
 7.666782e+06
 7.867333e+06
 7.400914e+06
 7.049712e+06
 7.466675e+06
 7.110981e+06
 7.339987e+06
 7.300242e+06
 7.108044e+06
 6.814861e+06
 6.407047e+06
 6.436491e+06
 6.633402e+06
 6.788667e+06
 6.932273e+06
 7.145968e+06
 7.062127e+06
 7.288650e+06
 7.409647e+06
 7.570985e+06
 8.175039e+06
 7.787188e+06
 8.238975e+06
 8.479787e+06
 8.407713e+06
 8.462714e+06
 8.341954e+06
 8.200426e+06
 8.539907e+06
 8.850286e+06
 8.813171e+06
 8.899670e+06
 8.561068e+06
 8.974161e+06
 8.776756e+06
 9.440807e+06
 9.426618e+06
 9.014354e+06
 8.603033e+06
 9.208422e+06
 8.699477e+06
 8.926288e+06
 8.903662e+06
 8.381897e+06
 8.155535e+06
 7.665823e+06
 7.832364e+06
 8.284030e+06
 8.249207e+06
 8.638265e+06
 8.657644e+06
 8.774717e+06
 9.222425e+06
 7.958098e+06
 8.165367e+06
 8.577819e+06
 8.052838e+06
 8.601279e+06
 9.123398e+06
 9.529642e+06
 9.537992e+06
 9.513836e+06
 9.454055e+06
 9.727341e+06
 1.038656e+07
 1.005007e+07
 1.062596e+07
 1.036229e+07
 1.091261e+07
 1.096195e+07
 1.175151e+07
 1.156653e+07
 1.079307e+07
 1.058914e+07
 1.121809e+07
 1.053020e+07
 1.089443e+07
 1.062577e+07
 9.537773e+06
 9.715576e+06
 9.563412e+06
 9.773373e+06
 1.034303e+07
 1.072564e+07
 1.143756e+07
 1.135212e+07
 1.124851e+07
 1.190526e+07
 9.790605e+06
 9.792677e+06
 9.737645e+06
 9.730328e+06
 1.045117e+07
 1.074215e+07
 1.123444e+07
 1.018195e+07
 9.593526e+06
 9.991270e+06
 9.614851e+06
 1.133165e+07
 1.034290e+07
 1.025972e+07
 1.044524e+07
 1.184026e+07
 1.217741e+07
 1.424259e+07
 1.385034e+07
 1.294748e+07
 1.273102e+07
 1.302049e+07
 1.134332e+07
 1.033017e+07
 1.014270e+07
 8.382881e+06
 7.819247e+06
 7.326446e+06
 6.714211e+06
 7.457785e+06
 7.896758e+06
 8.990615e+06
 8.159275e+06
 8.139058e+06
 8.149749e+06
