 0.000000e+00 0.000000e+00 0.000000e+00 0.000000e+00 0.000000e+00 0.000000e+00 0.000000e+00 0.000000e+00 0.000000e+00 0.000000e+00
 1.103561e+04 1.334747e+04 8.471633e+03 1.501653e+04 1.405006e+04 7.485000e+03 8.975082e+03 2.979744e+03 -2.640027e+03 -5.129347e+03
 1.698458e+04 2.238620e+04 1.491961e+04 2.388502e+04 2.330578e+04 1.506957e+04 1.254300e+04 5.639188e+03 3.160173e+03 -1.281264e+04
 2.226312e+04 2.695056e+04 2.268776e+04 3.304244e+04 2.799170e+04 1.522441e+04 1.035499e+04 6.165916e+03 7.516674e+03 -2.317365e+04
 2.287380e+04 2.483803e+04 2.171439e+04 3.475661e+04 3.195649e+04 1.732010e+04 1.363012e+04 1.334659e+04 6.564468e+03 -2.886885e+04
 2.160814e+04 2.649701e+04 1.939057e+04 4.032335e+04 3.373761e+04 1.928952e+04 9.714181e+03 1.611763e+04 4.179950e+03 -2.102434e+04
 2.589410e+04 2.967961e+04 2.118133e+04 4.735554e+04 4.151078e+04 2.841626e+04 1.397848e+04 2.195784e+04 1.142595e+04 -2.207765e+04
 2.707751e+04 3.087552e+04 2.013075e+04 4.226486e+04 4.124625e+04 2.161359e+04 1.749140e+04 2.142440e+04 1.251198e+04 -2.531107e+04
 2.985559e+04 3.676016e+04 2.287454e+04 4.757154e+04 5.257350e+04 3.251189e+04 3.514582e+04 2.470774e+04 9.763950e+03 -2.260258e+04
 2.885538e+04 3.489538e+04 2.517857e+04 4.570784e+04 5.328703e+04 4.028679e+04 3.292415e+04 2.847128e+04 1.318113e+04 -3.944895e+04
 2.695566e+04 3.544194e+04 2.831849e+04 4.424316e+04 5.186466e+04 4.576909e+04 3.666534e+04 3.564709e+04 1.085752e+04 -3.136425e+04
 2.318726e+04 2.758609e+04 3.263424e+04 4.234711e+04 4.849560e+04 4.416027e+04 1.512113e+04 3.813084e+04 2.795242e+03 -2.886378e+04
 2.155519e+04 2.816526e+04 3.948116e+04 5.366912e+04 5.208919e+04 4.657426e+04 2.700357e+04 2.680534e+04 -1.415537e+04 -7.165125e+03
 2.070910e+04 2.559013e+04 3.716700e+04 5.896419e+04 4.452179e+04 4.997788e+04 2.265039e+04 3.897333e+04 -1.358355e+04 1.337024e+03
 2.309941e+04 2.330863e+04 3.804562e+04 7.653161e+04 4.200288e+04 5.692087e+04 2.808809e+04 4.325172e+04 -2.101468e+04 -6.363201e+03
 3.110188e+04 2.592305e+04 4.615685e+04 7.471749e+04 4.260206e+04 4.922021e+04 4.122131e+04 5.055167e+04 -2.252901e+04 1.455056e+04
 3.345098e+04 2.616877e+04 4.446225e+04 6.974460e+04 4.667135e+04 3.690355e+04 3.504002e+04 5.464566e+04 -1.497318e+04 1.743645e+04
 4.029832e+04 1.928006e+04 3.711984e+04 7.046802e+04 5.197809e+04 2.915280e+04 3.778223e+04 4.892960e+04 -2.616992e+04 2.718259e+04
 4.135763e+04 2.292609e+04 3.031622e+04 7.050014e+04 5.547311e+04 2.734202e+04 3.943974e+04 4.815757e+04 -2.441161e+04 2.071773e+04
 4.055908e+04 2.156793e+04 3.750767e+04 6.498810e+04 5.862826e+04 3.996237e+04 2.734589e+04 4.677355e+04 -1.461798e+04 1.865287e+04
 4.141651e+04 3.354478e+04 4.728172e+04 6.566513e+04 6.911511e+04 3.455996e+04 5.009160e+04 3.533661e+04 -1.084952e+04 2.777401e+04
 3.657796e+04 3.454801e+04 5.190119e+04 7.225751e+04 6.352005e+04 1.863771e+04 7.219116e+04 5.367144e+04 1.004055e+04 7.681307e+03
 4.432940e+04 3.491427e+04 4.891010e+04 6.084658e+04 6.353152e+04 1.498554e+04 6.007984e+04 4.220546e+04 7.412652e+03 -5.939358e+02
 3.693092e+04 3.372317e+04 5.306062e+04 7.058819e+04 4.561923e+04 1.288563e+03 4.742858e+04 3.588865e+04 1.057732e+04 1.400951e+04
 3.323016e+04 3.043497e+04 3.965371e+04 7.495070e+04 6.405958e+04 1.070543e+04 3.830745e+04 3.332810e+04 -8.909070e+03 -5.192926e+02
 2.519940e+04 2.806066e+04 3.798125e+04 8.031060e+04 6.003832e+04 1.739173e+04 3.658268e+04 2.915737e+04 -1.216970e+04 1.580582e+04
 2.087349e+04 4.028438e+04 3.780021e+04 6.585944e+04 4.439221e+04 3.113853e+04 3.588744e+04 2.440928e+04 4.590701e+03 1.384345e+04
 1.883772e+04 4.796418e+04 4.270864e+04 6.945822e+04 3.813404e+04 2.822240e+04 4.016086e+04 4.727581e+04 -1.584430e+04 8.700627e+03
 1.337130e+04 3.631779e+04 3.346825e+04 6.715056e+04 2.424989e+04 8.811478e+03 2.568815e+04 4.534313e+04 -1.340113e+04 5.611650e+03
 9.030619e+03 3.667679e+04 3.764614e+04 6.378971e+04 6.604631e+03 1.087083e+04 3.233046e+04 3.823067e+04 -2.636207e+04 -1.292766e+04
 1.474555e+04 1.743370e+04 2.583509e+04 6.330677e+04 -2.785894e+03 2.036691e+04 1.588670e+04 5.418735e+04 -4.505615e+04 2.163315e+04
 2.250855e+04 2.108401e+04 3.376612e+04 6.759997e+04 -5.951209e+03 1.431610e+03 1.742185e+04 7.410782e+04 -6.492943e+04 7.741472e+03
 2.560969e+04 2.340366e+04 2.654177e+04 6.354174e+04 -1.910196e+04 -1.312344e+04 2.672352e+04 7.020763e+04 -3.561965e+04 -1.425842e+04
 2.417067e+04 2.801039e+04 2.073703e+04 4.789645e+04 -2.778906e+04 -5.925865e+03 2.399228e+04 7.723088e+04 -5.539601e+03 -2.325794e+04
 2.749341e+04 1.751355e+04 2.332931e+04 3.878644e+04 -4.474812e+04 -1.399262e+04 5.130440e+03 6.961151e+04 -1.205006e+04 -2.615652e+04
 3.185089e+04 1.788976e+04 1.899073e+04 5.273736e+04 -4.011185e+04 -1.688017e+04 -6.488842e+03 7.939488e+04 -1.335880e+04 1.841568e+04
 3.153521e+04 2.486878e+04 2.149276e+04 4.640886e+04 -3.598964e+04 -1.973814e+04 1.080169e+04 9.560590e+04 -3.879472e+04 1.203628e+04
 4.642080e+04 2.221782e+04 2.843312e+04 4.364088e+04 -4.422383e+04 -3.099980e+04 -7.332484e+03 6.032995e+04 -2.039215e+04 2.813837e+03
 4.830804e+04 2.187410e+04 2.740597e+04 2.569784e+04 -4.767318e+04 -1.800251e+04 -2.029228e+04 5.442932e+04 -3.971551e+03 3.641524e+04
 3.353280e+04 1.290362e+03 1.897685e+04 1.237591e+04 -2.967405e+04 -9.059739e+03 -1.573159e+03 7.787627e+04 5.544928e+04 1.276548e+04
 2.180039e+04 1.232928e+04 1.803521e+04 1.908115e+04 -7.393142e+03 -8.985032e+03 -1.501418e+04 8.284380e+04 5.900537e+04 4.899936e+03
 2.358663e+04 1.307121e+04 1.948157e+04 1.237858e+04 -2.411576e+04 -2.896321e+04 -3.207612e+04 7.014612e+04 8.999908e+04 1.059093e+04
 2.635560e+04 1.334275e+04 1.064506e+04 1.855512e+04 -2.399978e+04 -4.458423e+04 -4.470587e+04 7.175664e+04 4.970106e+04 1.828786e+04
 2.928652e+04 1.308904e+04 5.630244e+03 2.641750e+04 -3.759782e+04 -6.176810e+04 -3.619771e+04 3.396605e+04 9.705294e+04 8.510509e+03
 4.371049e+04 2.365248e+04 4.393552e+03 1.941947e+03 -2.120063e+04 -4.810280e+04 -3.955629e+04 5.775239e+04 1.247630e+05 2.193789e+04
 3.227217e+04 2.360843e+04 2.397028e+03 2.312050e+04 -2.354096e+04 -4.125752e+04 -6.486027e+04 7.151163e+04 1.274743e+05 5.080155e+04
 4.444482e+04 2.736904e+04 -8.944537e+02 3.330988e+04 -1.161676e+04 -6.351844e+04 -6.112826e+04 6.418812e+04 1.155353e+05 3.424296e+04
 4.527162e+04 3.573722e+04 4.676711e+03 3.137947e+04 -4.105794e+03 -6.527358e+04 -8.480823e+04 5.196634e+04 1.524164e+05 3.130003e+04
 3.889722e+04 3.032670e+04 4.022090e+03 1.019491e+04 -2.660592e+04 -6.564889e+04 -7.981746e+04 2.742681e+04 1.497167e+05 2.615026e+04
 2.971959e+04 2.770685e+04 1.037201e+04 2.363140e+04 -4.791387e+04 -6.670446e+04 -7.915477e+04 3.333417e+04 1.452831e+05 4.367213e+04
 3.214999e+04 2.661178e+04 1.587724e+03 2.772427e+04 -5.336118e+04 -8.210944e+04 -1.018489e+05 4.149407e+04 1.394815e+05 5.644770e+04
 4.705323e+04 2.195305e+04 8.347010e+02 3.333143e+04 -5.494172e+04 -9.215017e+04 -1.228142e+05 6.758359e+04 1.182502e+05 3.979097e+04
 5.692917e+04 1.925341e+04 -1.251635e+04 2.413737e+04 -4.924996e+04 -9.684300e+04 -1.186681e+05 6.305880e+04 9.114669e+04 5.103491e+04
 6.228880e+04 2.136474e+04 -1.346049e+04 1.102936e+04 -6.865098e+04 -8.038936e+04 -1.453133e+05 3.081297e+04 6.103014e+04 3.315026e+04
 6.932653e+04 1.364378e+04 -9.246598e+03 -5.735498e+03 -5.770537e+04 -7.490663e+04 -1.188931e+05 4.293411e+04 7.957886e+04 2.003271e+04
 6.634545e+04 1.510437e+04 -7.119417e+03 2.038078e+04 -6.247188e+04 -5.771758e+04 -1.252561e+05 2.148608e+04 6.197217e+04 2.724179e+04
 6.835641e+04 5.243155e+03 1.011500e+04 2.287653e+04 -5.776945e+04 -5.663569e+04 -9.925284e+04 9.856342e+03 4.701176e+04 4.585617e+03
 6.808848e+04 6.721744e+03 7.106822e+03 4.397478e+04 -5.718933e+04 -6.122803e+04 -8.965168e+04 9.099722e+02 4.238469e+04 -5.394731e+03
 6.298704e+04 -7.499111e+03 1.233420e+04 4.721858e+04 -8.779324e+04 -7.495675e+04 -8.200304e+04 1.933492e+04 -3.489263e+03 4.085771e+04
 6.197403e+04 -1.525629e+04 2.443889e+04 2.448707e+04 -1.076639e+05 -9.806164e+04 -8.310971e+04 -2.125672e+04 8.370833e+03 1.977846e+04
 6.509953e+04 -2.252953e+04 2.989020e+04 2.356295e+04 -1.314916e+05 -9.929742e+04 -8.298906e+04 -3.017263e+04 -1.204578e+04 -4.096059e+03
 7.075076e+04 -2.190202e+04 2.552130e+04 1.323364e+04 -1.428203e+05 -1.069828e+05 -1.174392e+05 -5.793905e+04 -3.457886e+04 -1.323664e+04
 8.733310e+04 -2.746512e+04 2.937175e+04 -1.544966e+04 -1.570102e+05 -1.181550e+05 -9.661671e+04 -3.632294e+04 -7.348837e+04 -9.398471e+03
 8.575580e+04 -2.288359e+04 3.056922e+04 -3.320553e+04 -1.565626e+05 -1.030134e+05 -1.054496e+05 -3.674103e+04 -1.236954e+05 -5.472955e+03
 8.135351e+04 -2.701418e+04 3.479994e+04 -4.295894e+04 -1.818759e+05 -8.101533e+04 -9.849112e+04 -3.800342e+04 -1.179717e+05 2.934100e+04
 9.771065e+04 -1.953148e+04 2.623566e+04 -3.925714e+04 -1.683426e+05 -8.420588e+04 -1.218169e+05 -1.733594e+04 -7.938561e+04 2.198435e+04
 9.769160e+04 -2.921807e+04 2.130047e+04 -2.149094e+04 -1.498804e+05 -9.365008e+04 -1.553201e+05 -1.557064e+04 -7.599573e+04 1.569576e+04
 9.515605e+04 -3.246663e+04 2.632806e+04 -1.323774e+04 -1.386732e+05 -9.323427e+04 -1.610923e+05 -1.709205e+04 -9.219142e+04 2.091405e+04
 7.815679e+04 -2.919634e+04 1.264761e+04 -1.021129e+04 -1.328886e+05 -1.073252e+05 -1.647088e+05 -2.484038e+04 -5.143949e+04 8.161756e+03
 8.144187e+04 -3.420234e+04 1.904199e+04 1.628014e+04 -1.248086e+05 -9.285680e+04 -1.662170e+05 -5.067007e+03 -6.796252e+04 2.976002e+04
 8.482475e+04 -5.224328e+04 2.023479e+04 -1.523525e+04 -1.287435e+05 -8.838402e+04 -1.661315e+05 -4.968839e+04 -6.323595e+02 6.071387e+04
 8.106942e+04 -6.046302e+04 1.649169e+04 -4.108802e+03 -1.157101e+05 -7.667866e+04 -1.739908e+05 -3.692881e+04 -7.488683e+04 3.628296e+04
 9.139334e+04 -4.871763e+04 2.391777e+04 -8.014082e+03 -1.132847e+05 -7.926391e+04 -1.721477e+05 -6.827283e+04 -4.062358e+04 9.394321e+03
 1.111293e+05 -5.962949e+04 2.586700e+04 -1.762006e+04 -8.812511e+04 -8.664804e+04 -1.534965e+05 -6.769281e+04 -4.624845e+04 2.276262e+04
 1.180891e+05 -3.644736e+04 3.386347e+04 2.922425e+04 -8.758380e+04 -9.678421e+04 -2.721748e+05 -5.749005e+03 -1.495950e+05 1.991211e+04
 1.281707e+05 -4.617834e+04 2.898057e+04 3.659857e+04 -9.871318e+04 -1.527743e+05 -2.766265e+05 1.315494e+04 -1.728028e+05 7.184354e+04
 1.255128e+05 -5.833615e+04 2.823548e+04 3.122305e+04 -1.181443e+05 -1.466101e+05 -2.895579e+05 -1.646121e+04 -1.542424e+05 7.099070e+04
 1.164451e+05 -7.254260e+04 3.159066e+04 6.375791e+04 -1.022626e+05 -1.666203e+05 -3.026882e+05 -2.738907e+04 -1.661458e+05 8.769725e+04
 1.051820e+05 -7.172259e+04 2.262137e+04 4.437125e+04 -8.963798e+04 -1.877375e+05 -2.673820e+05 5.298381e+03 -1.584938e+05 7.442265e+04
 1.076641e+05 -7.043385e+04 3.250547e+04 7.712816e+04 -8.402612e+04 -1.832706e+05 -2.656904e+05 1.637044e+04 -6.745312e+04 4.723217e+04
 1.244226e+05 -6.883793e+04 3.578333e+04 9.090175e+04 -9.355865e+04 -2.070917e+05 -2.589649e+05 -2.786053e+04 -5.657917e+04 6.435656e+04
 1.264835e+05 -5.618695e+04 4.194414e+04 7.169079e+04 -8.902830e+04 -2.057854e+05 -3.048917e+05 -1.322272e+04 -6.220785e+04 -3.438341e+03
 1.130471e+05 -4.826758e+04 4.941014e+04 6.780970e+04 -9.873407e+04 -1.671180e+05 -2.794341e+05 -1.249682e+04 -5.258717e+04 -6.666604e+04
 1.059587e+05 -4.297898e+04 3.845580e+04 3.040433e+04 -6.356072e+04 -1.635034e+05 -2.865561e+05 -1.807328e+04 -1.101155e+05 -9.844144e+04
 1.011044e+05 -4.240068e+04 3.106574e+04 2.001643e+04 -6.315322e+04 -2.002631e+05 -2.616524e+05 -1.818048e+04 -9.795929e+04 -7.768332e+04
 1.012151e+05 -5.088505e+04 2.894662e+04 5.144521e+04 -6.602899e+04 -2.283344e+05 -2.467351e+05 -4.692589e+04 -1.224000e+05 -9.000189e+04
 1.072038e+05 -4.984454e+04 1.466011e+04 4.174278e+04 -7.774060e+04 -2.015521e+05 -2.793053e+05 -5.539479e+04 -6.358833e+04 -9.654421e+04
 9.947009e+04 -7.384433e+04 2.607742e+04 3.182216e+04 -1.030146e+05 -2.200942e+05 -2.794620e+05 -9.333039e+04 -1.278697e+04 -1.417240e+05
 1.006275e+05 -7.787315e+04 2.503476e+04 -2.254105e+04 -1.221383e+05 -2.378211e+05 -3.065583e+05 -1.148203e+05 6.679645e+03 -1.196854e+05
 1.093545e+05 -9.363625e+04 2.006311e+04 -1.403931e+04 -1.386703e+05 -2.768120e+05 -2.986110e+05 -1.306185e+05 7.046287e+04 -1.165475e+05
 1.328887e+05 -1.130690e+05 3.053288e+04 -3.161713e+04 -1.260120e+05 -2.845889e+05 -3.213477e+05 -1.559807e+05 8.401280e+04 -1.100367e+05
 1.172501e+05 -1.220306e+05 1.685149e+04 -1.894027e+04 -1.747673e+05 -2.877236e+05 -3.160980e+05 -1.345400e+05 7.622736e+04 -1.037491e+05
 1.075751e+05 -1.086875e+05 1.277408e+03 -7.020298e+02 -1.811885e+05 -3.032661e+05 -2.931974e+05 -1.714448e+05 1.000183e+05 -3.682759e+04
 1.258830e+05 -1.384490e+05 -1.612206e+04 1.462646e+03 -1.396610e+05 -3.203968e+05 -3.182980e+05 -1.754012e+05 9.701747e+04 -5.623058e+04
 1.090609e+05 -1.362661e+05 -3.315425e+04 1.480179e+04 -1.352500e+05 -3.198725e+05 -2.531723e+05 -2.057548e+05 1.164913e+05 -1.016173e+05
 1.223076e+05 -1.412803e+05 -6.055765e+04 4.412779e+04 -1.109219e+05 -2.982960e+05 -2.611293e+05 -1.739813e+05 1.035429e+05 -8.028037e+04
 1.168814e+05 -1.493059e+05 -4.120408e+04 5.090617e+04 -7.815913e+04 -3.130939e+05 -2.719649e+05 -1.984049e+05 1.164066e+05 -1.166386e+05
 1.326818e+05 -1.382571e+05 -3.571219e+04 4.686786e+04 -5.867872e+04 -3.145661e+05 -2.796085e+05 -2.148275e+05 1.089644e+05 -8.682112e+04
 1.302663e+05 -1.303272e+05 -3.860608e+04 3.475674e+04 -6.830663e+04 -2.750132e+05 -2.916250e+05 -2.439948e+05 1.192162e+05 -1.397634e+05
 1.370928e+05 -1.142365e+05 -7.418841e+04 4.071390e+04 -6.659265e+04 -2.709949e+05 -2.896033e+05 -2.680391e+05 1.233718e+05 -8.027855e+04
 1.331076e+05 -1.220669e+05 -8.186470e+04 6.056668e+04 -8.014600e+04 -2.937971e+05 -2.910443e+05 -2.809297e+05 1.491777e+05 -1.133397e+05
 1.288894e+05 -1.337076e+05 -7.419964e+04 7.688394e+04 -8.821110e+04 -2.918020e+05 -3.114229e+05 -2.699002e+05 7.814414e+04 -1.078015e+05
 1.273459e+05 -1.367306e+05 -7.459115e+04 1.077403e+05 -9.673991e+04 -3.015581e+05 -3.289598e+05 -3.205875e+05 1.170127e+05 -1.261605e+05
 1.117254e+05 -1.365555e+05 -5.937408e+04 9.172980e+04 -1.160883e+05 -2.572841e+05 -3.187926e+05 -3.497581e+05 1.277309e+05 -1.266252e+05
 1.043326e+05 -1.217889e+05 -6.829990e+04 7.886966e+04 -1.253272e+05 -2.266794e+05 -2.974194e+05 -3.634211e+05 1.183972e+05 -6.871489e+04
 9.440099e+04 -1.156565e+05 -6.116369e+04 8.915888e+04 -1.362016e+05 -2.368087e+05 -3.375760e+05 -3.773447e+05 1.305409e+05 -5.711954e+04
 1.038499e+05 -1.301887e+05 -6.831860e+04 8.604867e+04 -1.570238e+05 -2.141036e+05 -2.993805e+05 -3.855809e+05 1.706452e+05 7.034677e+03
 1.099570e+05 -1.190854e+05 -7.308135e+04 8.032338e+04 -1.373776e+05 -2.251554e+05 -3.173937e+05 -3.897672e+05 1.846369e+05 1.174875e+04
 9.814877e+04 -1.170570e+05 -9.505157e+04 7.301161e+04 -1.270031e+05 -2.498574e+05 -3.337797e+05 -4.355686e+05 2.197652e+05 -3.402308e+03
 1.347990e+05 -1.943738e+05 -1.640507e+05 3.825900e+04 -2.016250e+05 -2.931855e+05 -1.723061e+05 -5.156508e+05 2.423519e+05 6.364711e+03
 1.361615e+05 -1.863600e+05 -1.761855e+05 8.381947e+03 -1.971000e+05 -2.622026e+05 -1.660843e+05 -5.350766e+05 2.139451e+05 -9.752116e+03
 1.436403e+05 -1.893498e+05 -1.795904e+05 6.883687e+03 -1.872163e+05 -2.667825e+05 -1.480648e+05 -5.791960e+05 2.365513e+05 -5.998159e+04
 1.615152e+05 -1.824383e+05 -1.517357e+05 2.828523e+03 -2.077239e+05 -2.412583e+05 -9.705254e+04 -5.812514e+05 2.728593e+05 -1.069063e+05
 1.492411e+05 -1.630097e+05 -1.642859e+05 -4.120205e+04 -2.159044e+05 -2.690886e+05 -1.727398e+04 -6.382743e+05 3.071413e+05 -3.546690e+04
 1.309259e+05 -1.759415e+05 -1.678615e+05 -3.954192e+04 -2.343547e+05 -2.288161e+05 -1.181426e+04 -5.899377e+05 2.946292e+05 -2.819895e+04
 1.303957e+05 -1.650032e+05 -1.525279e+05 -4.076489e+04 -2.504766e+05 -2.820986e+05 -6.860102e+04 -5.913478e+05 2.783768e+05 -5.802719e+04
 1.198216e+05 -1.793383e+05 -1.515645e+05 -5.190862e+04 -2.699841e+05 -2.590106e+05 -1.064926e+05 -6.094654e+05 3.160960e+05 -6.124615e+04
 9.993679e+04 -1.800039e+05 -1.628079e+05 -1.812554e+04 -2.853632e+05 -2.580355e+05 -1.208730e+05 -6.566539e+05 2.971240e+05 5.008333e+03
 9.393290e+04 -2.096209e+05 -1.681300e+05 5.956389e+02 -2.852010e+05 -2.455467e+05 -1.773564e+05 -6.670524e+05 2.666000e+05 3.676255e+04
 7.177926e+04 -1.881974e+05 -1.658112e+05 -1.293304e+04 -2.829720e+05 -2.204755e+05 -2.057233e+05 -6.669678e+05 2.583520e+05 4.580424e+03
 8.113109e+04 -1.790321e+05 -1.681453e+05 -2.955429e+04 -2.819855e+05 -1.780698e+05 -1.987195e+05 -6.986104e+05 2.934187e+05 -6.229424e+03
 7.042169e+04 -1.818907e+05 -1.613975e+05 -4.997699e+04 -2.729203e+05 -1.632856e+05 -1.857699e+05 -6.736326e+05 2.665388e+05 -8.790798e+03
 5.357408e+04 -1.653565e+05 -1.760570e+05 -6.696663e+04 -2.336218e+05 -1.475327e+05 -2.024121e+05 -6.029586e+05 3.004606e+05 -2.556770e+04
 6.037977e+04 -1.609827e+05 -1.914289e+05 -6.923966e+04 -2.453957e+05 -1.750447e+05 -1.756177e+05 -6.024536e+05 3.062953e+05 -1.268643e+04
 2.735411e+04 -1.721898e+05 -1.927757e+05 -7.134130e+04 -2.461583e+05 -1.461638e+05 -1.692811e+05 -6.124177e+05 3.299773e+05 5.672684e+04
 3.170624e+04 -1.528902e+05 -1.607644e+05 -7.990561e+04 -2.641587e+05 -1.384196e+05 -1.561101e+05 -6.321844e+05 3.138657e+05 7.894987e+04
 3.095138e+04 -1.381546e+05 -1.723294e+05 -9.882580e+04 -2.376576e+05 -1.503874e+05 -1.363367e+05 -6.137004e+05 3.093025e+05 8.792783e+04
 4.382186e+04 -1.626698e+05 -1.615605e+05 -1.116299e+05 -2.592840e+05 -1.411810e+05 -2.088516e+05 -5.824529e+05 3.368527e+05 1.052965e+05
 3.000615e+04 -1.580249e+05 -1.593424e+05 -1.257422e+05 -2.894336e+05 -9.182818e+04 -2.132173e+05 -5.881737e+05 3.149217e+05 4.952249e+04
 5.253919e+04 -1.589539e+05 -1.678355e+05 -1.766672e+05 -3.362603e+05 -1.422300e+05 -2.791140e+05 -6.147708e+05 3.534707e+05 6.031877e+04
 4.908105e+04 -1.868448e+05 -1.610192e+05 -1.761262e+05 -3.242494e+05 -8.084787e+04 -3.031888e+05 -5.813445e+05 3.868062e+05 8.353074e+04
 6.145941e+04 -1.853449e+05 -1.454330e+05 -1.910969e+05 -3.545063e+05 -1.122071e+05 -3.165286e+05 -5.982699e+05 3.863635e+05 9.723867e+04
 5.402518e+04 -1.920619e+05 -1.481484e+05 -1.784295e+05 -3.152976e+05 -1.064303e+05 -3.273420e+05 -6.024027e+05 3.272493e+05 5.794303e+04
 5.560349e+04 -1.979606e+05 -1.425330e+05 -1.867518e+05 -3.509651e+05 -1.560320e+05 -3.526079e+05 -5.994336e+05 3.517822e+05 6.558517e+04
 6.994973e+04 -1.766298e+05 -1.515621e+05 -1.712723e+05 -3.269203e+05 -1.593033e+05 -3.300810e+05 -6.653389e+05 3.365087e+05 7.640615e+04
 4.858442e+04 -1.298410e+05 -1.372597e+05 -2.122003e+05 -2.902337e+05 -1.651331e+05 -2.837888e+05 -5.897364e+05 3.234733e+05 6.551359e+04
 3.618389e+04 -1.482134e+05 -1.380505e+05 -2.180936e+05 -2.698765e+05 -1.569780e+05 -3.149444e+05 -5.720562e+05 3.499176e+05 1.106190e+04
 3.401849e+04 -1.628570e+05 -1.347114e+05 -1.534199e+05 -2.811639e+05 -1.532934e+05 -3.566482e+05 -5.639430e+05 3.522423e+05 7.084145e+04
 3.442636e+04 -1.545287e+05 -1.558244e+05 -1.502749e+05 -2.739294e+05 -1.520691e+05 -3.960216e+05 -5.498721e+05 3.123267e+05 7.292648e+04
 3.890488e+04 -1.800947e+05 -1.600866e+05 -1.168333e+05 -2.523730e+05 -1.343144e+05 -3.783737e+05 -5.881082e+05 2.519092e+05 8.457846e+04
 2.466600e+04 -2.054321e+05 -1.535246e+05 -1.176256e+05 -2.570939e+05 -1.266581e+05 -3.514059e+05 -5.726872e+05 2.596051e+05 1.027001e+05
 2.965730e+04 -1.956230e+05 -1.590802e+05 -1.479315e+05 -2.761437e+05 -9.777475e+04 -3.507449e+05 -5.687240e+05 2.383523e+05 7.933584e+04
 4.880046e+04 -2.123645e+05 -1.469462e+05 -1.336448e+05 -3.080151e+05 -1.021162e+05 -3.630703e+05 -5.530905e+05 2.765947e+05 6.912601e+04
 5.353982e+04 -2.040240e+05 -1.565939e+05 -1.886940e+05 -3.126851e+05 -9.851546e+04 -3.501671e+05 -5.635765e+05 3.270854e+05 5.503759e+04
 8.115162e+03 -2.725199e+05 -2.552781e+05 9.767380e+03 -3.275428e+05 -1.631882e+05 -2.734646e+05 -4.265548e+05 2.950436e+05 -3.176363e+05
 3.286518e+04 -2.549825e+05 -2.503779e+05 4.741389e+04 -3.535687e+05 -1.432933e+05 -2.876112e+05 -3.985147e+05 2.697288e+05 -3.794928e+05
 5.058402e+04 -2.684412e+05 -2.305769e+05 4.803453e+04 -3.329294e+05 -1.493975e+05 -2.954903e+05 -4.325888e+05 2.582780e+05 -4.168695e+05
 3.246247e+04 -2.796485e+05 -2.419183e+05 5.764631e+04 -3.123791e+05 -1.361279e+05 -2.464993e+05 -4.531638e+05 1.484767e+05 -4.242092e+05
 3.700281e+04 -2.661438e+05 -2.726198e+05 8.008007e+04 -3.073221e+05 -1.304160e+05 -1.697052e+05 -4.672097e+05 1.491368e+05 -4.159091e+05
 3.731445e+04 -2.637512e+05 -2.699529e+05 9.755977e+04 -2.942018e+05 -1.568193e+05 -1.971165e+05 -4.331911e+05 1.685702e+05 -4.411759e+05
 3.869047e+04 -2.854669e+05 -2.557760e+05 1.268082e+05 -2.765861e+05 -1.601732e+05 -1.889555e+05 -4.119761e+05 1.887834e+05 -4.811618e+05
 2.842127e+04 -3.084601e+05 -2.576945e+05 1.818140e+05 -2.737115e+05 -1.977169e+05 -2.416683e+05 -4.102015e+05 2.121545e+05 -4.540100e+05
 1.353387e+04 -3.112209e+05 -2.458629e+05 1.687081e+05 -3.191222e+05 -2.079344e+05 -1.706299e+05 -4.190198e+05 2.080519e+05 -4.673600e+05
 9.574185e+03 -3.088050e+05 -2.398119e+05 1.457322e+05 -3.529326e+05 -1.853712e+05 -1.938316e+05 -3.897445e+05 2.473595e+05 -4.895239e+05
 1.656450e+04 -2.837710e+05 -2.508218e+05 1.940297e+05 -3.514608e+05 -1.290094e+05 -1.908020e+05 -3.777606e+05 3.471710e+05 -5.877622e+05
 1.649196e+04 -2.794741e+05 -2.407493e+05 1.399690e+05 -3.797806e+05 -8.466135e+04 -2.317547e+05 -3.521805e+05 2.743544e+05 -5.745911e+05
 3.839286e+03 -2.737330e+05 -2.768137e+05 1.249449e+05 -3.423168e+05 -1.466560e+05 -1.975102e+05 -2.834651e+05 3.320635e+05 -5.689923e+05
 3.382595e+03 -2.835338e+05 -2.711282e+05 1.355499e+05 -3.523499e+05 -1.438666e+05 -2.535442e+05 -2.830867e+05 4.217411e+05 -5.259998e+05
 -1.188186e+04 -2.813469e+05 -2.530664e+05 1.385412e+05 -3.863165e+05 -1.980093e+05 -2.353439e+05 -2.945578e+05 3.523248e+05 -5.847348e+05
 4.341487e+03 -2.559303e+05 -2.807660e+05 1.694207e+05 -3.555550e+05 -2.423783e+05 -1.894553e+05 -3.288682e+05 3.936098e+05 -6.045663e+05
 1.437439e+04 -2.646673e+05 -2.588281e+05 1.830832e+05 -3.231484e+05 -2.338029e+05 -1.821304e+05 -2.233105e+05 4.192457e+05 -6.863820e+05
 1.964695e+04 -2.683346e+05 -2.749783e+05 2.014345e+05 -3.468798e+05 -2.424362e+05 -1.893599e+05 -1.840724e+05 4.323744e+05 -6.937932e+05
 1.825907e+04 -2.984596e+05 -2.878248e+05 1.732275e+05 -3.834276e+05 -2.556816e+05 -1.650679e+05 -2.411503e+05 4.993652e+05 -7.034579e+05
 1.505314e+04 -3.425369e+05 -2.837155e+05 1.552556e+05 -3.640126e+05 -3.076575e+05 -1.889088e+05 -2.778289e+05 4.757394e+05 -7.545930e+05
 3.079788e+04 -3.622470e+05 -2.450087e+05 1.691744e+05 -3.625159e+05 -3.584204e+05 -1.601212e+05 -2.701775e+05 4.804396e+05 -8.074520e+05
 4.689563e+04 -3.892936e+05 -2.752376e+05 1.884039e+05 -3.983233e+05 -3.378425e+05 -1.574297e+05 -2.106667e+05 5.049256e+05 -7.722782e+05
 5.706451e+04 -4.027381e+05 -2.956614e+05 2.058140e+05 -3.881502e+05 -3.668036e+05 -1.706873e+05 -2.669005e+05 5.150624e+05 -8.221379e+05
 4.774714e+04 -3.907518e+05 -3.014104e+05 1.963185e+05 -3.795328e+05 -3.962481e+05 -1.998016e+05 -3.077101e+05 5.447112e+05 -8.165365e+05
 3.367561e+04 -3.919585e+05 -2.632634e+05 1.930937e+05 -4.431812e+05 -4.367104e+05 -2.653854e+05 -3.000214e+05 5.939598e+05 -7.505060e+05
 2.032728e+04 -3.903529e+05 -2.467885e+05 1.876392e+05 -4.734051e+05 -4.818188e+05 -2.189785e+05 -3.349584e+05 6.059828e+05 -7.567542e+05
 1.234910e+04 -3.849175e+05 -2.463429e+05 1.397044e+05 -4.351285e+05 -4.956508e+05 -1.971240e+05 -3.375124e+05 6.098249e+05 -7.293021e+05
 5.509501e+03 -3.643928e+05 -2.752663e+05 1.584812e+05 -4.281632e+05 -4.547855e+05 -1.839118e+05 -3.630936e+05 5.505165e+05 -7.076668e+05
 1.099282e+03 -3.629228e+05 -2.939603e+05 1.030099e+05 -4.147249e+05 -4.471609e+05 -2.205872e+05 -3.729933e+05 5.397045e+05 -6.744871e+05
 7.602031e+03 -3.641128e+05 -2.987111e+05 1.101147e+05 -3.930995e+05 -3.972869e+05 -1.933648e+05 -3.455164e+05 5.240905e+05 -5.758770e+05
 2.918800e+04 -3.547799e+05 -2.736451e+05 8.456979e+04 -3.807267e+05 -3.780246e+05 -1.656561e+05 -3.507271e+05 5.173165e+05 -6.393757e+05
 3.718966e+04 -3.576554e+05 -2.939083e+05 1.048193e+05 -3.886971e+05 -3.795501e+05 -1.623020e+05 -3.405468e+05 5.357554e+05 -5.938542e+05
 3.661010e+04 -3.391910e+05 -2.947930e+05 1.135005e+05 -3.914507e+05 -3.812400e+05 -1.870086e+05 -3.497893e+05 6.166708e+05 -5.789779e+05
 5.623945e+04 -3.473537e+05 -2.860135e+05 7.410271e+04 -3.989683e+05 -3.989075e+05 -2.011401e+05 -3.339084e+05 6.245928e+05 -6.195227e+05
 2.635616e+04 -3.376050e+05 -3.142077e+05 8.197149e+04 -3.989315e+05 -4.561822e+05 -1.962948e+05 -3.372094e+05 7.070955e+05 -5.925585e+05
 -5.192612e+03 -3.551941e+05 -2.582742e+05 2.294887e+05 -3.059833e+05 -5.582564e+05 -2.940865e+05 -7.099720e+05 6.334705e+05 -7.449376e+05
 -4.250227e+04 -3.667173e+05 -2.594695e+05 2.280142e+05 -3.410608e+05 -6.026482e+05 -1.815178e+05 -7.338420e+05 6.472423e+05 -8.051980e+05
 -5.770558e+04 -3.731220e+05 -2.532380e+05 2.411259e+05 -3.616962e+05 -5.745889e+05 -1.719787e+05 -6.794959e+05 5.775710e+05 -7.919048e+05
 -6.359869e+04 -3.537173e+05 -2.562417e+05 2.076203e+05 -3.457569e+05 -6.291601e+05 -1.323502e+05 -6.363259e+05 5.574726e+05 -8.294510e+05
 -7.263789e+04 -3.174174e+05 -2.941768e+05 2.440225e+05 -3.654686e+05 -6.195887e+05 -1.101918e+05 -6.693159e+05 5.155842e+05 -7.285985e+05
 -8.010551e+04 -2.562722e+05 -3.028568e+05 2.298020e+05 -3.581662e+05 -6.143895e+05 -1.148997e+05 -6.604058e+05 5.703003e+05 -7.570551e+05
 -8.092373e+04 -2.217249e+05 -2.993492e+05 2.274006e+05 -4.367675e+05 -6.118490e+05 -1.602826e+05 -7.259249e+05 5.112398e+05 -7.065333e+05
 -8.732198e+04 -2.154591e+05 -2.924571e+05 2.941638e+05 -3.906878e+05 -5.560054e+05 -1.822446e+05 -8.255635e+05 4.711141e+05 -7.022668e+05
 -8.922157e+04 -2.364731e+05 -2.808649e+05 2.844376e+05 -4.469033e+05 -5.212285e+05 -1.932209e+05 -8.922026e+05 4.331716e+05 -6.809083e+05
 -8.035340e+04 -2.079425e+05 -2.746759e+05 3.144904e+05 -4.844683e+05 -5.043799e+05 -2.594983e+05 -9.946578e+05 5.433490e+05 -5.638194e+05
 -9.129791e+04 -2.275177e+05 -2.971077e+05 2.961961e+05 -4.661315e+05 -4.779696e+05 -2.794185e+05 -9.732688e+05 6.119957e+05 -5.637873e+05
 -6.654996e+04 -2.365601e+05 -2.918375e+05 3.299630e+05 -5.229067e+05 -4.680949e+05 -2.517915e+05 -1.038235e+06 5.742990e+05 -5.411264e+05
 -7.026026e+04 -2.293304e+05 -3.111320e+05 3.903559e+05 -5.478772e+05 -5.058000e+05 -2.603067e+05 -1.062128e+06 6.794212e+05 -4.644722e+05
 -8.761723e+04 -2.301407e+05 -3.082821e+05 4.383552e+05 -5.873766e+05 -5.042307e+05 -1.942740e+05 -1.105258e+06 7.339009e+05 -4.233324e+05
 -8.450244e+04 -2.644568e+05 -3.020169e+05 4.219689e+05 -5.948776e+05 -5.022653e+05 -1.608880e+05 -1.071917e+06 7.294095e+05 -4.680109e+05
 -4.492124e+04 -2.486961e+05 -3.105090e+05 4.095155e+05 -5.721162e+05 -5.104477e+05 -1.572186e+05 -1.148800e+06 7.803192e+05 -4.072888e+05
 -4.747374e+04 -2.793436e+05 -2.780758e+05 4.269052e+05 -5.697927e+05 -4.494913e+05 -2.475710e+05 -1.130557e+06 7.722656e+05 -3.665004e+05
 -3.459602e+04 -2.863112e+05 -2.820300e+05 3.753426e+05 -5.468953e+05 -4.622923e+05 -1.675668e+05 -1.153642e+06 7.130787e+05 -2.739905e+05
 -5.148241e+04 -3.014439e+05 -2.676610e+05 3.788919e+05 -5.882029e+05 -4.737622e+05 -1.555754e+05 -1.249262e+06 7.547727e+05 -2.630472e+05
 -3.981533e+04 -3.177226e+05 -2.678923e+05 3.396207e+05 -6.725352e+05 -4.951674e+05 -2.094933e+05 -1.224698e+06 7.025097e+05 -2.024757e+05
 -6.572902e+04 -3.276445e+05 -2.713178e+05 3.791871e+05 -6.702848e+05 -4.912539e+05 -2.006532e+05 -1.325831e+06 6.995724e+05 -1.792083e+05
 -7.342025e+04 -3.377821e+05 -2.790909e+05 3.761241e+05 -6.458928e+05 -5.238644e+05 -2.451009e+05 -1.265988e+06 7.939124e+05 -7.519588e+04
 -6.920675e+04 -3.426813e+05 -2.955012e+05 3.789667e+05 -6.132634e+05 -5.096200e+05 -3.390451e+05 -1.297060e+06 8.251246e+05 -1.502819e+05
 -8.600001e+04 -3.174038e+05 -2.730068e+05 3.360729e+05 -5.915897e+05 -5.118460e+05 -3.875919e+05 -1.357210e+06 8.990794e+05 -1.141302e+05
 -8.096541e+04 -3.173121e+05 -2.913655e+05 3.406096e+05 -6.442629e+05 -5.262543e+05 -3.612588e+05 -1.328913e+06 7.968310e+05 -2.961200e+04
 -1.099432e+05 -3.050694e+05 -3.128213e+05 3.673486e+05 -6.478117e+05 -5.433393e+05 -3.475857e+05 -1.235913e+06 9.130059e+05 -9.463816e+04
 -6.179099e+04 -2.754288e+05 -3.339583e+05 3.474862e+05 -6.826587e+05 -4.635758e+05 -4.089241e+05 -1.198905e+06 7.751253e+05 -1.038249e+05
 -6.250478e+04 -2.655092e+05 -3.168871e+05 3.201780e+05 -6.770424e+05 -4.912052e+05 -2.900285e+05 -1.249275e+06 8.579729e+05 3.804116e+04
 -2.334830e+04 -2.673382e+05 -3.223219e+05 2.989554e+05 -6.897324e+05 -5.395944e+05 -2.662888e+05 -1.228232e+06 8.803641e+05 5.048476e+02
 -4.656906e+04 -2.852848e+05 -3.087500e+05 2.772789e+05 -6.933874e+05 -5.347847e+05 -2.905603e+05 -1.121349e+06 8.736889e+05 -6.427939e+04
 -5.523744e+04 -2.460524e+05 -2.828598e+05 3.230954e+05 -6.694306e+05 -4.861015e+05 -2.393564e+05 -1.196509e+06 8.079983e+05 -2.497067e+05
 -5.696289e+04 -2.423602e+05 -2.988834e+05 3.133609e+05 -5.987208e+05 -5.124182e+05 -2.859545e+05 -1.270061e+06 8.174619e+05 -2.686518e+05
 -4.178020e+04 -2.700680e+05 -2.766507e+05 2.479573e+05 -5.711549e+05 -5.237560e+05 -2.538511e+05 -1.324768e+06 8.264048e+05 -2.514090e+05
 -2.254128e+04 -2.600394e+05 -2.605338e+05 2.225539e+05 -5.927270e+05 -4.789379e+05 -3.070753e+05 -1.295510e+06 8.141980e+05 -3.052721e+05
 -2.481518e+04 -2.864020e+05 -2.588471e+05 2.463255e+05 -5.517433e+05 -4.619339e+05 -3.556026e+05 -1.335062e+06 8.572189e+05 -3.646327e+05
 -8.100571e+04 -2.285001e+05 -1.243649e+05 1.416975e+05 -3.697250e+05 -6.356891e+05 -2.114539e+05 -1.245738e+06 9.201175e+05 -4.474997e+05
 -1.053240e+05 -2.309959e+05 -1.211321e+05 1.191976e+05 -3.907229e+05 -6.736753e+05 -1.959377e+05 -1.314654e+06 1.015452e+06 -4.539274e+05
 -6.949771e+04 -2.485772e+05 -8.205657e+04 1.131418e+05 -4.413543e+05 -7.064679e+05 -1.652457e+05 -1.344985e+06 1.004061e+06 -4.834283e+05
 -5.757482e+04 -2.530505e+05 -8.045391e+04 5.769940e+04 -4.181901e+05 -6.832613e+05 -2.858155e+05 -1.326721e+06 1.087874e+06 -5.320452e+05
 -5.989716e+04 -2.619339e+05 -1.089912e+05 1.059251e+05 -4.864815e+05 -6.574887e+05 -2.477153e+05 -1.404792e+06 1.096552e+06 -4.620209e+05
 -5.931490e+04 -3.111522e+05 -1.162242e+05 1.980263e+05 -4.527878e+05 -6.121734e+05 -2.263120e+05 -1.385999e+06 1.133764e+06 -5.427346e+05
 -7.357793e+04 -2.780659e+05 -8.959225e+04 2.514320e+05 -5.362361e+05 -5.838952e+05 -2.429654e+05 -1.487567e+06 1.102739e+06 -5.937664e+05
 -1.354869e+04 -2.774876e+05 -1.011242e+05 3.919261e+05 -5.794728e+05 -6.628958e+05 -2.651947e+05 -1.520196e+06 1.021685e+06 -5.674826e+05
 -2.234173e+04 -2.568370e+05 -9.015643e+04 2.900257e+05 -6.348526e+05 -7.737940e+05 -2.289324e+05 -1.450331e+06 1.019887e+06 -4.630181e+05
 -1.293325e+04 -2.393309e+05 -9.922001e+04 3.289459e+05 -6.511140e+05 -8.233908e+05 -2.691097e+05 -1.485963e+06 1.046090e+06 -4.477202e+05
 -3.063414e+04 -1.989861e+05 -1.129856e+05 3.505786e+05 -6.278286e+05 -8.730112e+05 -2.275596e+05 -1.504438e+06 9.515443e+05 -3.370281e+05
 3.381701e+04 -1.889533e+05 -1.098819e+05 3.880261e+05 -6.412289e+05 -1.020109e+06 -1.422992e+05 -1.575021e+06 9.075225e+05 -3.277124e+05
 7.052808e+04 -1.678823e+05 -1.013431e+05 3.495769e+05 -6.323523e+05 -1.096134e+06 -4.142413e+04 -1.654381e+06 8.895594e+05 -4.006712e+05
 3.064929e+04 -1.714790e+05 -7.799830e+04 4.130896e+05 -6.123175e+05 -1.053605e+06 -1.023473e+05 -1.581269e+06 8.306829e+05 -4.506318e+05
 4.327814e+04 -1.631352e+05 -6.359491e+04 4.447468e+05 -6.240543e+05 -1.083238e+06 -6.572703e+04 -1.582620e+06 8.344187e+05 -4.801200e+05
 3.385698e+04 -1.448648e+05 -3.818370e+04 3.232446e+05 -6.253258e+05 -1.126411e+06 -1.487086e+04 -1.527464e+06 8.759852e+05 -5.584014e+05
 4.680123e+04 -1.126207e+05 -4.327492e+04 2.430567e+05 -6.335202e+05 -1.055657e+06 -4.858561e+04 -1.561521e+06 9.454215e+05 -3.800877e+05
 2.306294e+04 -6.972320e+04 -3.366023e+04 2.743731e+05 -5.655612e+05 -1.024022e+06 -5.962287e+04 -1.625452e+06 8.797776e+05 -5.686962e+05
 3.480819e+04 -1.093747e+05 -4.074652e+04 2.151386e+05 -6.616934e+05 -9.625532e+05 -6.663919e+03 -1.670142e+06 8.548169e+05 -5.483295e+05
 6.018250e+04 -1.092463e+05 -7.605982e+03 2.471716e+05 -6.693480e+05 -9.072364e+05 -1.766647e+04 -1.734750e+06 8.740849e+05 -6.204595e+05
 5.875248e+04 -1.106896e+05 -7.055007e+02 2.449652e+05 -7.316627e+05 -9.146398e+05 -7.312090e+04 -1.733722e+06 8.878536e+05 -6.143784e+05
 5.899476e+04 -1.458625e+05 9.520493e+03 2.626088e+05 -7.362748e+05 -9.383531e+05 4.725613e+04 -1.803461e+06 8.475655e+05 -5.046789e+05
 4.582495e+04 -1.700362e+05 3.384385e+04 3.274646e+05 -7.080067e+05 -9.257744e+05 -1.127192e+05 -1.872376e+06 9.195904e+05 -6.178815e+05
 4.477782e+04 -1.973909e+05 7.279987e+03 2.897224e+05 -7.152859e+05 -9.094369e+05 -9.851276e+04 -1.887868e+06 8.491953e+05 -5.776949e+05
 4.981186e+04 -2.006632e+05 -2.152331e+04 3.023515e+05 -7.274857e+05 -9.697542e+05 2.264285e+04 -1.890446e+06 9.286674e+05 -5.309897e+05
 5.595854e+04 -2.168266e+05 -2.304854e+04 3.195099e+05 -7.425475e+05 -1.017683e+06 1.285049e+05 -1.885417e+06 1.025693e+06 -5.712966e+05
 3.111410e+04 -2.434075e+05 -2.685515e+04 3.112118e+05 -7.294926e+05 -9.989631e+05 1.052549e+05 -1.968577e+06 9.313165e+05 -5.735126e+05
 4.844761e+04 -2.477377e+05 -1.613551e+04 2.881830e+05 -6.938207e+05 -9.920693e+05 9.412649e+04 -1.964819e+06 9.497200e+05 -5.458133e+05
 3.024206e+04 -3.057182e+05 -1.065336e+04 3.023277e+05 -5.810235e+05 -9.998658e+05 8.696899e+04 -1.913523e+06 8.660125e+05 -5.339487e+05
 -6.836202e+02 -2.884462e+05 -3.124962e+04 2.603405e+05 -5.675081e+05 -9.607182e+05 8.859277e+03 -1.841202e+06 7.925975e+05 -5.755274e+05
 1.096698e+04 -3.371117e+05 -5.966113e+04 2.629792e+05 -5.831003e+05 -9.708137e+05 2.689969e+04 -1.763567e+06 8.152794e+05 -6.221500e+05
 5.965512e+04 -2.917746e+05 -6.685345e+04 2.479252e+05 -5.157180e+05 -9.778022e+05 -1.711604e+04 -1.685706e+06 8.235370e+05 -6.179904e+05
 2.903377e+04 -2.610391e+05 -5.067725e+04 3.310646e+05 -4.576671e+05 -9.680358e+05 -5.608778e+04 -1.648281e+06 7.430470e+05 -6.762668e+05
 2.880134e+04 -2.773953e+05 -6.602357e+04 4.379957e+05 -4.865106e+05 -1.029626e+06 -1.292061e+05 -1.643721e+06 7.898973e+05 -7.898838e+05
 6.752566e+01 -2.945914e+05 -3.294022e+04 4.200743e+05 -4.253039e+05 -9.449279e+05 -1.072132e+05 -1.570725e+06 8.397998e+05 -8.046742e+05
 -6.372526e+03 -4.715368e+05 -6.214403e+04 5.161649e+05 -5.610586e+05 -1.570358e+06 4.584009e+04 -1.371929e+06 1.155570e+06 4.303819e+04
 -3.598773e+04 -4.818780e+05 -1.008559e+05 5.192086e+05 -5.244274e+05 -1.603707e+06 1.374189e+05 -1.422029e+06 1.121515e+06 1.951501e+05
 -5.074831e+04 -4.677272e+05 -1.808292e+05 5.627037e+05 -4.934612e+05 -1.551016e+06 2.315995e+05 -1.512522e+06 1.192874e+06 1.900733e+05
 -2.791996e+04 -3.918623e+05 -2.175236e+05 5.274813e+05 -4.642752e+05 -1.599114e+06 2.305070e+05 -1.594866e+06 1.301593e+06 1.150584e+05
 -2.745362e+04 -4.763633e+05 -1.491590e+05 5.638033e+05 -5.089175e+05 -1.634108e+06 1.759795e+05 -1.527322e+06 1.290617e+06 1.140449e+05
 -6.502960e+04 -4.542613e+05 -1.449964e+05 5.539937e+05 -4.282049e+05 -1.633277e+06 1.936513e+05 -1.516878e+06 1.198167e+06 6.825917e+04
 -7.303046e+04 -4.375492e+05 -1.226100e+05 5.562523e+05 -4.286240e+05 -1.631074e+06 2.546988e+05 -1.560150e+06 1.252949e+06 2.786537e+04
 -1.061843e+05 -4.100286e+05 -1.440364e+05 5.925570e+05 -3.899650e+05 -1.587085e+06 1.951314e+05 -1.532018e+06 1.172827e+06 9.967247e+04
 -1.524300e+05 -4.260085e+05 -1.336243e+05 6.153974e+05 -4.430623e+05 -1.507374e+06 1.753259e+05 -1.523295e+06 1.160053e+06 2.939223e+04
 -1.327470e+05 -4.313307e+05 -1.656377e+05 6.376165e+05 -3.689265e+05 -1.580367e+06 1.460806e+05 -1.500993e+06 1.216837e+06 2.829034e+04
 -1.374900e+05 -4.311345e+05 -1.437803e+05 5.548827e+05 -3.685912e+05 -1.521641e+06 2.123544e+05 -1.553818e+06 1.258860e+06 -1.891363e+04
 -1.272384e+05 -4.109642e+05 -1.879081e+05 5.669788e+05 -2.985064e+05 -1.595443e+06 1.506296e+05 -1.543188e+06 1.225575e+06 9.695491e+04
 -1.519190e+05 -4.055720e+05 -1.910339e+05 5.415087e+05 -2.673333e+05 -1.548524e+06 1.350105e+05 -1.445667e+06 1.245781e+06 1.671723e+05
 -1.442011e+05 -3.899275e+05 -1.791766e+05 5.973840e+05 -2.159012e+05 -1.427143e+06 1.274909e+05 -1.487857e+06 1.243430e+06 -3.106437e+04
 -1.563276e+05 -4.079718e+05 -1.806810e+05 6.021127e+05 -2.046661e+05 -1.508086e+06 1.733747e+05 -1.555626e+06 1.266398e+06 3.514866e+04
 -1.354066e+05 -3.599827e+05 -1.590395e+05 6.209588e+05 -1.001682e+05 -1.574173e+06 1.479447e+05 -1.472263e+06 1.371988e+06 -4.346488e+04
 -1.225853e+05 -3.658355e+05 -1.482131e+05 6.032450e+05 -1.248824e+05 -1.590177e+06 6.733640e+04 -1.464902e+06 1.382777e+06 -2.420130e+05
 -1.560987e+05 -3.608246e+05 -1.562334e+05 5.668666e+05 -1.402579e+05 -1.600580e+06 -6.738957e+04 -1.365121e+06 1.548352e+06 -2.656257e+05
 -1.557065e+05 -3.617001e+05 -1.421615e+05 5.481863e+05 -1.683835e+05 -1.652501e+06 -1.284114e+05 -1.382833e+06 1.626252e+06 -2.906894e+05
 -1.586726e+05 -4.001863e+05 -1.678159e+05 6.481686e+05 -1.937082e+05 -1.635972e+06 -2.062556e+05 -1.512849e+06 1.607928e+06 -3.033727e+05
 -1.868420e+05 -4.057517e+05 -1.966222e+05 6.523508e+05 -1.586484e+05 -1.634994e+06 -1.892355e+05 -1.529676e+06 1.755944e+06 -4.371696e+05
 -1.768718e+05 -3.923860e+05 -2.229578e+05 6.226263e+05 -1.077450e+05 -1.611145e+06 -1.642353e+05 -1.595333e+06 1.897222e+06 -5.704795e+05
 -1.535963e+05 -3.933613e+05 -2.143502e+05 5.404738e+05 -1.544388e+05 -1.542660e+06 -2.967297e+04 -1.581929e+06 1.862750e+06 -5.439844e+05
 -1.596666e+05 -3.835198e+05 -2.165728e+05 5.159591e+05 -1.308966e+05 -1.557944e+06 -2.895979e+04 -1.607280e+06 1.837726e+06 -4.793031e+05
 -1.473535e+05 -3.865614e+05 -2.443066e+05 5.148312e+05 2.818074e+04 -1.555112e+06 3.263967e+04 -1.698287e+06 1.821638e+06 -6.093074e+05
 -1.604671e+05 -3.969555e+05 -2.233893e+05 5.014647e+05 7.907882e+04 -1.438298e+06 6.066075e+04 -1.780371e+06 1.938881e+06 -6.562396e+05
 -1.726441e+05 -4.023225e+05 -2.293940e+05 5.027047e+05 1.544536e+05 -1.459612e+06 9.183348e+04 -1.756562e+06 1.824230e+06 -6.766136e+05
 -1.706714e+05 -3.967480e+05 -2.664048e+05 5.368595e+05 8.149873e+04 -1.366234e+06 4.311440e+04 -1.662234e+06 1.824042e+06 -7.012837e+05
 -1.785135e+05 -4.296408e+05 -2.108126e+05 4.489827e+05 5.096285e+04 -1.303552e+06 2.365060e+05 -1.742553e+06 1.756774e+06 -6.882731e+05
 -1.707927e+05 -4.311989e+05 -2.127320e+05 4.713834e+05 1.601757e+04 -1.230273e+06 2.955736e+05 -1.633172e+06 1.838124e+06 -6.601616e+05
 -1.510755e+05 -4.366603e+05 -2.086654e+05 4.546216e+05 -3.770853e+04 -1.248457e+06 3.093559e+05 -1.589498e+06 1.788024e+06 -7.077664e+05
 -1.691655e+05 -4.298936e+05 -1.977546e+05 5.146660e+05 -3.808077e+04 -1.336954e+06 2.536549e+05 -1.621361e+06 1.724143e+06 -6.875435e+05
 -2.247973e+05 -3.695568e+05 -2.427259e+05 4.693665e+05 -1.899826e+04 -1.368489e+06 3.181411e+05 -1.588138e+06 1.736604e+06 -7.107868e+05
 -2.421054e+05 -3.656450e+05 -2.256877e+05 4.955727e+05 5.169817e+03 -1.409888e+06 3.511010e+05 -1.515815e+06 1.671972e+06 -8.806857e+05
 -2.368591e+05 -3.865616e+05 -2.623245e+05 4.854672e+05 1.261470e+04 -1.393363e+06 4.472509e+05 -1.514060e+06 1.609106e+06 -7.935344e+05
 -4.726518e+05 -1.379085e+05 9.467801e+04 7.742157e+05 -2.422782e+05 -1.144914e+06 1.102759e+04 -2.073993e+06 2.119871e+06 -1.038401e+06
 -4.927026e+05 -7.277600e+04 8.868755e+04 7.025552e+05 -3.332539e+05 -1.043821e+06 -1.474379e+04 -2.059309e+06 2.060462e+06 -1.157075e+06
 -5.124061e+05 -5.371612e+04 9.848336e+04 7.223581e+05 -3.470900e+05 -1.087548e+06 5.929698e+03 -2.062338e+06 2.203705e+06 -1.459983e+06
 -5.270414e+05 -3.682325e+04 1.177027e+05 7.621487e+05 -3.357930e+05 -1.121564e+06 -6.024197e+04 -2.051210e+06 2.192214e+06 -1.434321e+06
 -5.347158e+05 -9.669484e+04 3.229466e+04 9.261020e+05 -2.863552e+05 -1.145706e+06 8.415716e+04 -2.123910e+06 2.201720e+06 -1.302770e+06
 -4.754968e+05 -8.784621e+04 1.437799e+05 8.833734e+05 -2.552460e+05 -1.236061e+06 1.015758e+05 -2.139526e+06 2.110221e+06 -1.242888e+06
 -4.486310e+05 -1.601034e+05 1.879722e+05 9.707198e+05 -1.111119e+05 -1.196377e+06 4.777540e+04 -2.173532e+06 2.058034e+06 -9.902275e+05
 -4.494625e+05 -1.058945e+05 1.707041e+05 9.579175e+05 -1.720569e+05 -1.127311e+06 2.383292e+04 -2.116772e+06 2.129173e+06 -1.073175e+06
 -4.611435e+05 -7.291022e+04 9.748407e+04 9.545659e+05 -1.014493e+05 -1.177545e+06 6.877578e+04 -2.199579e+06 2.079831e+06 -8.709781e+05
 -5.084745e+05 -1.444019e+05 1.065412e+05 8.850104e+05 -1.060136e+05 -1.142901e+06 1.754451e+05 -2.149253e+06 2.142823e+06 -7.735347e+05
 -4.922961e+05 -8.629334e+04 1.231614e+05 9.551265e+05 -3.936143e+04 -1.056155e+06 2.395094e+05 -2.090000e+06 2.162841e+06 -8.480421e+05
 -4.704320e+05 -1.230434e+05 1.731054e+05 9.739951e+05 -9.637790e+04 -1.069034e+06 3.539746e+05 -2.167766e+06 2.351893e+06 -6.243399e+05
 -5.227139e+05 -1.632035e+05 1.784046e+05 8.343840e+05 -6.885065e+04 -1.107855e+06 5.287651e+05 -2.310911e+06 2.190614e+06 -8.513830e+05
 -4.997395e+05 -1.308584e+05 1.588745e+05 9.215917e+05 -1.512132e+05 -1.068276e+06 4.615378e+05 -2.191317e+06 2.063305e+06 -6.599214e+05
 -5.072114e+05 -9.071907e+04 1.481693e+05 9.069240e+05 -1.811404e+05 -1.125068e+06 4.947250e+05 -2.342713e+06 2.189166e+06 -6.164961e+05
 -4.484345e+05 -4.811918e+04 8.009046e+04 8.632445e+05 4.202423e+04 -1.050411e+06 4.890159e+05 -2.301965e+06 2.145412e+06 -6.244337e+05
 -4.554130e+05 -3.023544e+04 3.711491e+04 9.212342e+05 -1.079059e+05 -1.034888e+06 4.305098e+05 -2.160814e+06 2.145104e+06 -6.181993e+05
 -4.729638e+05 -3.938381e+04 2.293713e+04 8.615635e+05 -1.442875e+05 -9.242643e+05 4.299115e+05 -2.173993e+06 2.354885e+06 -5.082220e+05
 -4.282300e+05 -6.018570e+04 1.224983e+04 8.445125e+05 -2.329175e+05 -8.316010e+05 3.946857e+05 -2.038081e+06 2.353432e+06 -3.870190e+05
 -4.238741e+05 -3.802303e+04 -4.450174e+04 7.636057e+05 -3.119997e+05 -8.377662e+05 3.636070e+05 -2.167037e+06 2.242120e+06 -5.188494e+05
 -4.437030e+05 -1.883367e+04 -7.025518e+04 7.752655e+05 -2.503901e+05 -7.977314e+05 4.285761e+05 -2.254489e+06 2.138147e+06 -5.109679e+05
 -4.512699e+05 -3.624473e+04 -8.907227e+04 7.808470e+05 -2.256645e+05 -8.533530e+05 3.570075e+05 -2.150837e+06 2.159676e+06 -4.953621e+05
 -4.436897e+05 -7.027223e+04 -9.207036e+04 6.926470e+05 -2.575122e+05 -8.507649e+05 1.937405e+05 -2.209192e+06 2.154495e+06 -3.504110e+05
 -4.567465e+05 -7.013115e+04 -1.045469e+05 6.917983e+05 -2.102002e+05 -8.721230e+05 1.987442e+05 -2.103572e+06 2.239145e+06 -4.595797e+05
 -4.943015e+05 4.087595e+04 -1.087329e+05 7.487356e+05 -2.586664e+05 -8.855946e+05 2.934569e+05 -1.996197e+06 2.228884e+06 -7.834147e+05
 -4.351733e+05 5.099198e+04 -1.791127e+05 7.468632e+05 -3.668568e+05 -8.902951e+05 3.234047e+05 -2.139484e+06 2.040091e+06 -9.883411e+05
 -4.149313e+05 3.032250e+04 -1.964084e+05 7.938577e+05 -2.663690e+05 -9.755690e+05 3.949961e+05 -2.266131e+06 1.990941e+06 -1.039886e+06
 -4.262140e+05 3.734627e+04 -1.983924e+05 7.238400e+05 -4.149817e+05 -8.919652e+05 4.468507e+05 -2.223128e+06 1.948925e+06 -1.233697e+06
 -4.067306e+05 1.043085e+05 -1.536046e+05 7.108702e+05 -5.749840e+05 -6.696510e+05 3.421882e+05 -2.262038e+06 2.081905e+06 -1.252213e+06
 -3.890940e+05 8.395098e+04 -2.187907e+05 7.824429e+05 -4.675750e+05 -6.239141e+05 1.659816e+05 -2.255893e+06 2.052739e+06 -1.191591e+06
 -3.891440e+05 1.048679e+05 -2.900430e+05 6.502489e+05 -5.040060e+05 -6.654108e+05 1.647292e+05 -2.244554e+06 2.077883e+06 -1.223485e+06
 -4.747978e+05 1.366921e+05 -3.026753e+05 7.117781e+05 -4.600573e+05 -6.183494e+05 2.063808e+05 -2.136412e+06 2.270411e+06 -1.276375e+06
 -5.276632e+05 8.525611e+04 -3.186558e+05 6.248823e+05 -4.069407e+05 -5.271059e+05 3.099816e+05 -1.881709e+06 2.470543e+06 -1.363001e+06
 -5.352226e+05 9.735084e+04 -3.121638e+05 5.862198e+05 -3.755033e+05 -5.483915e+05 4.573507e+05 -1.886172e+06 2.459084e+06 -1.196614e+06
 -5.297344e+05 1.094875e+05 -2.928859e+05 6.931946e+05 -2.938011e+05 -3.434439e+05 5.937251e+05 -1.936973e+06 2.584757e+06 -1.237351e+06
 2.827471e+05 -5.080412e+05 2.521651e+05 -8.635901e+05 -2.598798e+06 -2.294080e+06 -4.862045e+05 -1.904391e+06 5.163720e+06 -2.055714e+06
 2.777481e+05 -4.600863e+05 1.962922e+05 -1.045951e+06 -2.599710e+06 -2.377564e+06 -4.378296e+05 -2.052088e+06 5.231511e+06 -2.021671e+06
 2.686920e+05 -5.720240e+05 1.955308e+05 -1.273912e+06 -2.592062e+06 -2.211777e+06 -3.156857e+05 -1.939134e+06 5.140420e+06 -2.167686e+06
 3.106672e+05 -5.766542e+05 1.882813e+05 -1.232537e+06 -2.645172e+06 -2.119015e+06 -2.437148e+05 -1.990453e+06 5.050368e+06 -2.214541e+06
 2.873675e+05 -6.381693e+05 1.129474e+05 -1.237747e+06 -2.662606e+06 -2.091804e+06 -1.933063e+05 -1.869235e+06 4.926723e+06 -2.132598e+06
 1.931994e+05 -6.960311e+05 1.067967e+05 -1.262332e+06 -2.701905e+06 -2.153679e+06 -3.981204e+05 -1.815195e+06 4.999587e+06 -1.789903e+06
 1.525529e+05 -7.742989e+05 5.356655e+04 -1.256611e+06 -2.711427e+06 -2.278321e+06 -1.566019e+05 -1.665252e+06 4.773038e+06 -1.731124e+06
 8.615149e+04 -7.541145e+05 1.604191e+04 -1.209713e+06 -2.689025e+06 -2.471188e+06 -8.227242e+04 -1.630843e+06 4.849041e+06 -1.989728e+06
 9.693930e+04 -8.138900e+05 4.922726e+04 -1.189719e+06 -2.810871e+06 -2.502556e+06 -1.388748e+05 -1.908401e+06 5.033981e+06 -1.881966e+06
 1.066237e+05 -8.320898e+05 2.025323e+03 -1.044685e+06 -2.641467e+06 -2.677291e+06 -6.546546e+03 -1.894951e+06 5.010746e+06 -1.855318e+06
 1.419704e+05 -7.676672e+05 -3.787500e+04 -1.171570e+06 -2.775264e+06 -2.820230e+06 -1.059682e+05 -1.993045e+06 4.920768e+06 -1.697886e+06
 1.807864e+05 -9.093345e+05 -5.045966e+04 -1.004455e+06 -2.608100e+06 -2.828615e+06 1.505252e+04 -2.260625e+06 4.983298e+06 -1.520308e+06
 1.594281e+05 -8.947145e+05 -8.217042e+04 -1.002761e+06 -2.413073e+06 -2.780701e+06 -2.149014e+05 -2.283878e+06 5.094504e+06 -1.793341e+06
 1.257306e+05 -8.255745e+05 -8.425432e+04 -1.027539e+06 -2.463995e+06 -2.631428e+06 -4.889480e+05 -2.459073e+06 5.159683e+06 -1.959450e+06
 1.501697e+05 -9.531145e+05 -1.556216e+05 -9.833230e+05 -2.351270e+06 -2.571461e+06 -3.186902e+05 -2.506325e+06 5.161539e+06 -1.981356e+06
 1.326260e+05 -8.948362e+05 -7.345974e+04 -8.641446e+05 -2.465644e+06 -2.453476e+06 -3.956029e+05 -2.379140e+06 5.177102e+06 -1.937778e+06
 1.597073e+05 -8.558201e+05 -7.583278e+04 -8.800483e+05 -2.390371e+06 -2.565051e+06 -2.191770e+05 -2.076766e+06 5.038926e+06 -2.527731e+06
 2.100317e+05 -1.002142e+06 -9.964703e+03 -8.938306e+05 -2.250976e+06 -2.670538e+06 -2.943177e+04 -2.125194e+06 5.089355e+06 -2.423072e+06
 2.253062e+05 -1.003849e+06 6.783859e+04 -8.387958e+05 -2.175183e+06 -2.581842e+06 -2.797239e+05 -2.622030e+06 5.168740e+06 -2.143253e+06
 2.543926e+05 -9.641718e+05 -2.778225e+04 -6.534026e+05 -2.090465e+06 -2.552428e+06 -3.779900e+05 -2.511576e+06 5.153150e+06 -2.357755e+06
 2.875894e+05 -9.410667e+05 -7.228956e+03 -6.044960e+05 -2.033624e+06 -2.516856e+06 -5.140278e+05 -2.604562e+06 5.172984e+06 -2.595006e+06
 3.710601e+05 -9.077219e+05 -7.156890e+04 -4.140492e+05 -2.051209e+06 -2.435389e+06 -6.627984e+05 -2.642953e+06 5.237450e+06 -2.638969e+06
 4.433457e+05 -9.614941e+05 -3.258607e+03 -3.849562e+05 -1.969255e+06 -2.692226e+06 -6.622179e+05 -2.611754e+06 5.116058e+06 -2.714207e+06
 3.998610e+05 -8.471637e+05 -2.946027e+03 -5.058384e+05 -1.916031e+06 -2.677678e+06 -6.187488e+05 -2.358748e+06 4.991443e+06 -2.829577e+06
 3.697397e+05 -8.295847e+05 2.618798e+04 -4.737279e+05 -2.057806e+06 -2.763580e+06 -7.662611e+05 -2.465617e+06 5.002354e+06 -2.958031e+06
 3.609121e+05 -7.930653e+05 -4.639539e+04 -5.175420e+05 -1.980665e+06 -2.865947e+06 -7.853724e+05 -2.104416e+06 4.588521e+06 -2.721172e+06
 3.600335e+05 -8.972541e+05 -1.757323e+05 -4.879641e+05 -2.055857e+06 -2.874342e+06 -4.274283e+05 -1.995922e+06 4.584418e+06 -2.627283e+06
 4.464700e+05 -8.642529e+05 -1.410683e+05 -5.839827e+05 -2.231839e+06 -3.058770e+06 -4.191519e+05 -2.036230e+06 4.745220e+06 -2.379296e+06
 3.778796e+05 -7.962440e+05 -1.357297e+05 -6.674983e+05 -2.312929e+06 -3.007934e+06 -6.163121e+05 -1.988339e+06 4.741935e+06 -2.329856e+06
 2.028774e+05 -8.496361e+05 -4.206083e+04 -5.307906e+05 -2.426100e+06 -3.014874e+06 -4.668048e+05 -1.879012e+06 4.878651e+06 -2.336362e+06
 1.853705e+05 -8.488653e+05 3.695773e+03 -6.382000e+05 -2.468997e+06 -2.938984e+06 -3.433241e+05 -1.805438e+06 5.059701e+06 -2.289980e+06
 3.066203e+05 -9.400272e+05 9.603878e+04 -7.562609e+05 -2.435607e+06 -3.161166e+06 -5.992812e+05 -1.725488e+06 5.120746e+06 -2.589796e+06
 2.956966e+05 -9.226909e+05 9.652818e+04 -6.449945e+05 -2.405125e+06 -3.318402e+06 -5.455759e+05 -1.509912e+06 5.156789e+06 -2.631257e+06
 2.200083e+05 -9.054431e+05 5.404543e+04 -7.410739e+05 -2.368034e+06 -3.141551e+06 -5.181543e+05 -1.453059e+06 5.349463e+06 -2.609232e+06
 2.605189e+05 -9.688870e+05 1.931535e+04 -6.373878e+05 -2.399141e+06 -2.961780e+06 -2.296268e+05 -1.477210e+06 5.030025e+06 -2.763147e+06
