 0.000000e+00
 2.366566e+04
 4.706596e+04
 7.174456e+04
 9.744066e+04
 1.242803e+05
 1.508030e+05
 1.765910e+05
 2.037177e+05
 2.306121e+05
 2.569222e+05
 2.814257e+05
 3.083825e+05
 3.352977e+05
 3.613961e+05
 3.911548e+05
 4.185691e+05
 4.494478e+05
 4.774581e+05
 5.029836e+05
 5.302652e+05
 5.560512e+05
 5.846247e+05
 6.084419e+05
 6.353930e+05
 6.630989e+05
 6.918594e+05
 7.134942e+05
 7.372397e+05
 7.614769e+05
 7.895815e+05
 8.179969e+05
 8.403361e+05
 8.661583e+05
 8.913571e+05
 9.141683e+05
 9.397169e+05
 9.623073e+05
 9.892033e+05
 1.015361e+06
 1.038314e+06
 1.064338e+06
 1.093973e+06
 1.123008e+06
 1.145809e+06
 1.173290e+06
 1.197395e+06
 1.227819e+06
 1.253564e+06
 1.277475e+06
 1.307522e+06
 1.334618e+06
 1.364119e+06
 1.389206e+06
 1.414711e+06
 1.437883e+06
 1.462848e+06
 1.489141e+06
 1.513916e+06
 1.541537e+06
 1.567669e+06
 1.591997e+06
 1.617469e+06
 1.640915e+06
 1.669041e+06
 1.693120e+06
 1.727146e+06
 1.743095e+06
 1.766616e+06
 1.787063e+06
 1.806308e+06
 1.832643e+06
 1.860305e+06
 1.883236e+06
 1.914353e+06
 1.935825e+06
 1.958859e+06
 1.988686e+06
 2.018199e+06
 2.036811e+06
 2.063493e+06
 2.089040e+06
 2.120105e+06
 2.149175e+06
 2.172980e+06
 2.210041e+06
 2.234205e+06
 2.258317e+06
 2.289461e+06
 2.309454e+06
 2.332853e+06
 2.354645e+06
 2.378347e+06
 2.399789e+06
 2.430699e+06
 2.460874e+06
 2.483831e+06
 2.512508e+06
 2.535746e+06
 2.563071e+06
 2.587695e+06
 2.624221e+06
 2.644984e+06
 2.666024e+06
 2.690745e+06
 2.712731e+06
 2.742782e+06
 2.769956e+06
 2.791117e+06
 2.824062e+06
 2.843060e+06
 2.863011e+06
 2.891748e+06
 2.926685e+06
 2.950872e+06
 2.973535e+06
 3.000340e+06
 3.032721e+06
 3.062199e+06
 3.083971e+06
 3.117470e+06
 3.139979e+06
 3.164000e+06
 3.195619e+06
 3.226583e+06
 3.251470e+06
 3.278838e+06
 3.297749e+06
 3.319931e+06
 3.348768e+06
 3.379432e+06
 3.397760e+06
 3.429464e+06
 3.445733e+06
 3.472207e+06
 3.492936e+06
 3.528704e+06
 3.553109e+06
 3.569839e+06
 3.596058e+06
 3.617041e+06
 3.651173e+06
 3.676193e+06
 3.696616e+06
 3.718027e+06
 3.736330e+06
 3.762714e+06
 3.784249e+06
 3.828272e+06
 3.853843e+06
 3.870507e+06
 3.889902e+06
 3.925696e+06
 3.954238e+06
 3.966727e+06
 3.995698e+06
 4.032159e+06
 4.046822e+06
 4.079759e+06
 4.105502e+06
 4.139381e+06
 4.165624e+06
 4.185728e+06
 4.210358e+06
 4.243113e+06
 4.272539e+06
 4.293801e+06
 4.326662e+06
 4.344983e+06
 4.377469e+06
 4.390132e+06
 4.425663e+06
 4.443184e+06
 4.457588e+06
 4.481699e+06
 4.499110e+06
 4.542198e+06
 4.559037e+06
 4.583570e+06
 4.603368e+06
 4.632186e+06
 4.661091e+06
 4.673666e+06
 4.722256e+06
 4.753665e+06
 4.771544e+06
 4.794415e+06
 4.832750e+06
 4.863803e+06
 4.874997e+06
 4.892636e+06
 4.930655e+06
 4.941178e+06
 4.980964e+06
 4.999195e+06
 5.038970e+06
 5.065882e+06
 5.077039e+06
 5.103302e+06
 5.126485e+06
 5.153299e+06
 5.178832e+06
 5.207495e+06
 5.218118e+06
 5.243493e+06
 5.263334e+06
 5.295259e+06
 5.313768e+06
 5.325522e+06
 5.357068e+06
 5.370328e+06
 5.413664e+06
 5.430020e+06
 5.450789e+06
 5.498948e+06
 5.534200e+06
 5.545690e+06
 5.562300e+06
 5.616767e+06
 5.660056e+06
 5.677563e+06
 5.678495e+06
 5.728615e+06
 5.764745e+06
 5.775657e+06
 5.810540e+06
 5.834399e+06
 5.846370e+06
 5.882294e+06
 5.903911e+06
 5.927412e+06
 5.984181e+06
 5.996282e+06
 6.012162e+06
 6.037647e+06
 6.054794e+06
 6.092896e+06
 6.112365e+06
 6.124940e+06
 6.156702e+06
 6.175499e+06
 6.208314e+06
 6.226047e+06
 6.234556e+06
 6.274994e+06
 6.284415e+06
 6.330764e+06
 6.350952e+06
 6.371554e+06
 6.415514e+06
 6.453573e+06
 6.479364e+06
 6.486761e+06
 6.535638e+06
 6.563310e+06
 6.587000e+06
 6.597025e+06
 6.650740e+06
 6.688215e+06
 6.697259e+06
 6.739978e+06
 6.737565e+06
 6.736463e+06
 6.798222e+06
 6.815490e+06
 6.839777e+06
 6.897668e+06
 6.900376e+06
 6.897130e+06
 6.925754e+06
 6.942377e+06
 6.988960e+06
 7.012712e+06
 7.014138e+06
 7.065048e+06
 7.096032e+06
 7.103057e+06
 7.116628e+06
 7.124136e+06
 7.162410e+06
 7.188553e+06
 7.230986e+06
 7.248578e+06
 7.257007e+06
 7.263145e+06
 7.296595e+06
 7.354472e+06
 7.364860e+06
 7.405467e+06
 7.424166e+06
 7.453467e+06
 7.469385e+06
 7.518470e+06
 7.521932e+06
 7.567164e+06
 7.611467e+06
 7.587858e+06
 7.591184e+06
 7.659840e+06
 7.653159e+06
 7.667659e+06
 7.743152e+06
 7.760768e+06
 7.744076e+06
 7.778726e+06
 7.805750e+06
 7.861912e+06
 7.867743e+06
 7.874215e+06
 7.898082e+06
 7.963683e+06
 7.967593e+06
 7.975661e+06
 7.994093e+06
 8.059495e+06
 8.087478e+06
 8.123595e+06
 8.165544e+06
 8.165972e+06
 8.237902e+06
 8.300824e+06
 8.336494e+06
 8.275858e+06
 8.341579e+06
 8.304887e+06
 8.354420e+06
 8.368942e+06
 8.422289e+06
 8.427459e+06
 8.434638e+06
 8.540826e+06
 8.499253e+06
 8.500688e+06
 8.553635e+06
 8.538382e+06
 8.586323e+06
 8.685962e+06
 8.675478e+06
 8.665634e+06
 8.758484e+06
 8.779383e+06
 8.823615e+06
 8.857147e+06
 8.859297e+06
 8.806122e+06
 8.900048e+06
 8.965933e+06
 8.914986e+06
 8.962678e+06
 9.000437e+06
 9.067304e+06
 9.068352e+06
 9.059943e+06
 9.051526e+06
