 0.000000e+00
 1.403550e+04
 3.162596e+04
 4.670145e+04
 6.218807e+04
 8.502268e+04
 1.210430e+05
 1.449555e+05
 1.462778e+05
 2.158467e+05
 2.704442e+05
 2.779679e+05
 3.056212e+05
 2.799583e+05
 3.046766e+05
 3.165236e+05
 3.346177e+05
 3.818858e+05
 3.208146e+05
 3.207821e+05
 3.755766e+05
 4.112761e+05
 3.954432e+05
 3.741222e+05
 3.402938e+05
 3.547387e+05
 4.228398e+05
 4.681099e+05
 4.395299e+05
 4.151497e+05
 4.022380e+05
 4.131622e+05
 4.801885e+05
 5.334110e+05
 6.000625e+05
 6.091030e+05
 7.073375e+05
 6.977222e+05
 7.594372e+05
 7.573979e+05
 7.644437e+05
 7.660647e+05
 8.275998e+05
 8.550154e+05
 1.047837e+06
 1.118035e+06
 1.068700e+06
 1.150943e+06
 1.043420e+06
 1.128529e+06
 1.113925e+06
 1.108412e+06
 1.189552e+06
 1.078823e+06
 1.059563e+06
 1.084001e+06
 1.178067e+06
 1.188698e+06
 1.081752e+06
 9.739014e+05
 1.067160e+06
 1.107396e+06
 1.130402e+06
 1.057786e+06
 9.960469e+05
 9.579410e+05
 9.536244e+05
 9.473863e+05
 1.007640e+06
 1.101441e+06
 1.131212e+06
 1.188845e+06
 1.169753e+06
 1.272211e+06
 1.274479e+06
 1.253522e+06
 1.221119e+06
 1.319266e+06
 1.370187e+06
 1.597249e+06
 1.578641e+06
 1.533056e+06
 1.601520e+06
 1.510317e+06
 1.602978e+06
 1.637680e+06
 1.652050e+06
 1.629459e+06
 1.493085e+06
 1.474961e+06
 1.475222e+06
 1.558871e+06
 1.615425e+06
 1.507121e+06
 1.417448e+06
 1.509913e+06
 1.537148e+06
 1.571976e+06
 1.448128e+06
 1.432087e+06
 1.420129e+06
 1.339408e+06
 1.308953e+06
 1.358853e+06
 1.436297e+06
 1.433341e+06
 1.501286e+06
 1.489247e+06
 1.556279e+06
 1.608422e+06
 1.601243e+06
 1.722931e+06
 1.785669e+06
 1.800627e+06
 2.048671e+06
 2.078822e+06
 2.078403e+06
 2.062934e+06
 1.997669e+06
 2.084050e+06
 2.159374e+06
 2.143936e+06
 2.146525e+06
 2.024753e+06
 2.008249e+06
 2.066781e+06
 2.135540e+06
 2.249528e+06
 2.082202e+06
 1.939561e+06
 1.984676e+06
 1.948523e+06
 2.046474e+06
 1.939013e+06
 1.958555e+06
 1.971219e+06
 1.926356e+06
 1.967523e+06
 1.980130e+06
 2.094220e+06
 2.125015e+06
 2.262256e+06
 2.233472e+06
 2.325797e+06
 2.465416e+06
 2.472474e+06
 2.643965e+06
 2.674541e+06
 2.757449e+06
 2.981330e+06
 2.969966e+06
 2.936247e+06
 2.932752e+06
 2.795273e+06
 2.880451e+06
 2.931378e+06
 2.883991e+06
 2.935067e+06
 2.820248e+06
 2.897266e+06
 2.959392e+06
 3.051850e+06
 3.167832e+06
 2.912403e+06
 2.735633e+06
 2.794030e+06
 2.734796e+06
 2.742698e+06
 2.688417e+06
 2.650426e+06
 2.626467e+06
 2.536895e+06
 2.530303e+06
 2.568929e+06
 2.685455e+06
 2.719829e+06
 2.835469e+06
 2.833072e+06
 2.856207e+06
 2.632186e+06
 2.666666e+06
 2.900436e+06
 2.796878e+06
 2.954579e+06
 3.225903e+06
 3.157741e+06
 3.169617e+06
 3.142793e+06
 3.065682e+06
 3.251234e+06
 3.389862e+06
 3.380213e+06
 3.395207e+06
 3.256139e+06
 3.298455e+06
 3.363901e+06
 3.477334e+06
 3.519387e+06
 3.252296e+06
 3.072065e+06
 3.206156e+06
 3.172606e+06
 3.211399e+06
 3.134348e+06
 3.037584e+06
 3.030379e+06
 2.831737e+06
 2.857839e+06
 2.916830e+06
 3.065193e+06
 3.059883e+06
 3.154779e+06
 3.133435e+06
 3.145469e+06
 3.053155e+06
 3.055110e+06
 3.372644e+06
 3.254997e+06
 3.439122e+06
 3.603280e+06
 3.496322e+06
 3.559537e+06
 3.476555e+06
 3.323825e+06
 3.527469e+06
 3.689866e+06
 3.669879e+06
 3.695071e+06
 3.469645e+06
 3.553256e+06
 3.520543e+06
 3.766743e+06
 3.864419e+06
 3.632481e+06
 3.462512e+06
 3.668776e+06
 3.494639e+06
 3.607776e+06
 3.587789e+06
 3.493213e+06
 3.347944e+06
 3.146648e+06
 3.162360e+06
 3.258081e+06
 3.334981e+06
 3.405721e+06
 3.510132e+06
 3.469090e+06
 3.580392e+06
 3.642170e+06
 3.722232e+06
 4.020528e+06
 3.829366e+06
 4.051787e+06
 4.169203e+06
 4.129677e+06
 4.158722e+06
 4.100171e+06
 4.028203e+06
 4.194917e+06
 4.348563e+06
 4.328912e+06
 4.369047e+06
 4.200577e+06
 4.404686e+06
 4.306348e+06
 4.633015e+06
 4.625692e+06
 4.421120e+06
 4.222379e+06
 4.522121e+06
 4.271472e+06
 4.384020e+06
 4.373910e+06
 4.118496e+06
 4.004790e+06
 3.763662e+06
 3.847284e+06
 4.067557e+06
 4.049376e+06
 4.241096e+06
 4.251130e+06
 4.308278e+06
 4.528707e+06
 3.907766e+06
 4.011515e+06
 4.215674e+06
 3.954615e+06
 4.224468e+06
 4.480637e+06
 4.676978e+06
 4.683714e+06
 4.674096e+06
 4.643341e+06
 4.777189e+06
 5.101792e+06
 4.934295e+06
 5.214765e+06
 5.083318e+06
 5.357309e+06
 5.380300e+06
 5.767649e+06
 5.675291e+06
 5.294663e+06
 5.197873e+06
 5.509358e+06
 5.170708e+06
 5.351340e+06
 5.219804e+06
 4.685384e+06
 4.771182e+06
 4.696330e+06
 4.802626e+06
 5.081326e+06
 5.267026e+06
 5.619354e+06
 5.578881e+06
 5.528082e+06
 5.850924e+06
 4.791313e+06
 4.794858e+06
 4.769467e+06
 4.762101e+06
 5.114333e+06
 5.259104e+06
 5.498896e+06
 4.984401e+06
 4.699362e+06
 4.894504e+06
 4.710630e+06
 5.557518e+06
 5.069294e+06
 5.028669e+06
 5.117035e+06
 5.807369e+06
 5.972728e+06
 6.987530e+06
 6.791920e+06
 6.348667e+06
 6.248357e+06
 6.392073e+06
 5.568250e+06
 5.075021e+06
 4.982465e+06
 4.116013e+06
 3.836276e+06
 3.594095e+06
 3.296229e+06
 3.660993e+06
 3.876182e+06
 4.417788e+06
 4.009528e+06
 4.000344e+06
 4.003869e+06
