 0.000000e+00 0.000000e+00 0.000000e+00 0.000000e+00 0.000000e+00 0.000000e+00 0.000000e+00 0.000000e+00 0.000000e+00 0.000000e+00
 1.043323e+04 1.279846e+04 1.019541e+04 1.320209e+04 1.220097e+04 1.162111e+04 4.119950e+03 3.233084e+03 -2.106093e+03 -7.814943e+03
 1.520277e+04 2.075886e+04 1.844998e+04 2.392044e+04 2.155374e+04 1.589146e+04 1.107875e+04 2.840037e+03 8.002809e+02 -1.501272e+04
 2.356115e+04 2.643542e+04 2.103307e+04 3.492714e+04 3.057949e+04 2.492788e+04 1.923278e+04 4.859147e+03 4.456131e+03 -2.089419e+04
 2.168949e+04 2.971637e+04 2.320418e+04 3.490546e+04 3.443325e+04 2.872645e+04 2.520310e+04 1.161419e+04 1.913310e+02 -2.692448e+04
 2.151254e+04 2.685252e+04 2.377201e+04 3.568244e+04 4.298339e+04 2.197768e+04 2.930012e+04 7.659072e+03 3.256173e+03 -3.070608e+04
 1.871528e+04 3.176834e+04 2.829079e+04 3.835733e+04 4.318186e+04 2.688029e+04 3.631447e+04 1.711164e+04 3.979310e+03 -3.433010e+04
 2.029436e+04 3.475201e+04 3.355683e+04 3.763250e+04 5.203469e+04 1.879540e+04 5.033206e+04 4.644086e+03 7.343660e+03 -4.398951e+04
 2.353235e+04 3.570565e+04 3.723378e+04 4.711734e+04 5.931001e+04 2.954828e+04 5.747373e+04 -3.858546e+03 3.364567e+03 -4.744287e+04
 2.823460e+04 4.204926e+04 4.659345e+04 4.294206e+04 7.113983e+04 4.668163e+04 4.486334e+04 -1.541200e+04 -5.057748e+03 -5.570797e+04
 2.957570e+04 4.062897e+04 4.613278e+04 4.479905e+04 7.181325e+04 4.772001e+04 4.652947e+04 -8.091113e+03 -1.183556e+02 -4.265678e+04
 3.060916e+04 4.245507e+04 4.382207e+04 3.930288e+04 7.142198e+04 5.108851e+04 4.047559e+04 -1.534538e+04 1.703419e+04 -5.034495e+04
 2.732622e+04 3.901020e+04 4.222711e+04 3.887521e+04 7.928019e+04 5.149576e+04 5.332873e+04 -1.733931e+04 1.776219e+04 -6.064536e+04
 2.830793e+04 4.551502e+04 4.433105e+04 3.245262e+04 7.931801e+04 4.559558e+04 3.224369e+04 -1.659051e+04 2.709308e+04 -8.000372e+04
 3.175980e+04 4.021896e+04 4.117601e+04 2.819101e+04 7.776643e+04 5.178462e+04 3.604574e+04 -3.627038e+04 7.114501e+03 -7.783592e+04
 3.968409e+04 3.674859e+04 3.910249e+04 3.479560e+04 7.517167e+04 6.768531e+04 4.482934e+04 -3.906158e+04 1.039415e+04 -8.907273e+04
 4.627530e+04 3.777179e+04 3.980350e+04 3.767883e+04 7.238782e+04 6.233895e+04 3.116820e+04 -4.733368e+04 -1.744497e+03 -8.063718e+04
 4.633198e+04 3.626570e+04 4.208203e+04 3.260427e+04 5.978755e+04 5.773608e+04 3.918466e+04 -2.132460e+04 -3.161825e+03 -8.806129e+04
 4.410536e+04 3.616337e+04 4.327715e+04 2.816301e+04 6.147566e+04 5.666974e+04 4.933972e+04 -8.640363e+03 1.225825e+04 -9.442837e+04
 4.531312e+04 4.097419e+04 4.768728e+04 3.260078e+04 6.134085e+04 4.550132e+04 6.273366e+04 -1.873803e+04 2.334048e+04 -9.274381e+04
 4.892059e+04 4.347973e+04 3.951974e+04 2.537565e+04 6.633218e+04 6.398852e+04 5.525227e+04 -3.070700e+04 1.353881e+04 -9.373586e+04
 5.164693e+04 4.966819e+04 3.937679e+04 1.193466e+04 6.892277e+04 6.776882e+04 5.503672e+04 -1.823084e+04 1.146292e+04 -7.387336e+04
 5.550451e+04 4.166499e+04 3.771808e+04 2.128306e+04 6.564102e+04 8.686725e+04 7.081149e+04 -1.413529e+04 -1.534550e+04 -8.260436e+04
 5.503576e+04 4.843216e+04 3.936577e+04 1.403864e+04 6.645728e+04 7.376446e+04 8.713767e+04 -2.680290e+04 -1.890861e+04 -9.106552e+04
 5.105764e+04 4.496203e+04 3.006940e+04 -7.823939e+02 4.997939e+04 5.926410e+04 8.768391e+04 -3.055603e+04 -6.250096e+03 -9.353463e+04
 5.118613e+04 4.679992e+04 2.838491e+04 -5.083152e+03 6.045986e+04 6.784452e+04 5.119164e+04 -1.803759e+04 1.000526e+04 -9.783075e+04
 4.830994e+04 5.314467e+04 2.353867e+04 -1.870112e+04 5.704710e+04 5.722730e+04 4.626332e+04 -2.060807e+04 2.331380e+04 -1.071084e+05
 5.425937e+04 4.500742e+04 3.025309e+04 -1.479556e+04 5.063047e+04 6.132935e+04 5.043379e+04 -1.997234e+04 2.227363e+04 -1.095115e+05
 5.926822e+04 4.231295e+04 3.168826e+04 -2.545150e+04 5.201810e+04 6.047410e+04 3.738931e+04 -8.117655e+03 4.101239e+04 -1.544783e+05
 6.862210e+04 4.048455e+04 3.880911e+04 -2.541960e+04 3.141986e+04 5.059806e+04 4.501633e+04 -1.735528e+04 4.933596e+04 -1.646631e+05
 6.833704e+04 4.527297e+04 2.708340e+04 -4.293366e+04 1.929913e+04 5.538986e+04 4.210493e+04 -4.315098e+04 4.968262e+04 -1.863257e+05
 6.511831e+04 4.452855e+04 2.691348e+04 -5.067585e+04 2.431469e+04 6.775429e+04 4.235786e+04 -5.809886e+04 3.922345e+04 -1.693760e+05
 6.161338e+04 4.790821e+04 4.264013e+04 -4.205595e+04 3.327378e+04 5.541183e+04 4.764915e+04 -3.128531e+04 3.182435e+04 -1.825216e+05
 5.718798e+04 3.549553e+04 3.934951e+04 -3.998854e+04 3.007844e+04 6.972689e+04 4.378209e+04 -2.440414e+04 3.131760e+04 -1.696552e+05
 4.911169e+04 3.654744e+04 5.237337e+04 -5.699823e+04 3.752284e+04 7.482227e+04 6.785436e+04 -1.003601e+04 2.844529e+03 -1.711802e+05
 6.336397e+04 2.098025e+04 5.600759e+04 -5.487269e+04 1.883727e+04 5.379182e+04 6.198388e+04 -1.504626e+04 1.220697e+04 -1.866289e+05
 5.656028e+04 5.593622e+03 5.984836e+04 -6.206302e+04 8.376310e+03 4.129090e+04 6.093445e+04 -1.295269e+04 -9.992752e+03 -1.684153e+05
 5.113123e+04 2.310757e+02 4.844037e+04 -7.967826e+04 1.112174e+04 3.001934e+04 7.638316e+04 -1.722312e+04 -6.036706e+03 -1.716480e+05
 4.916506e+04 -2.488335e+03 4.082139e+04 -7.343090e+04 -5.114856e+03 4.905633e+04 7.450826e+04 -1.489241e+04 -8.524863e+03 -1.754050e+05
 4.882622e+04 -4.638846e+03 5.398556e+04 -9.916043e+04 -6.382800e+03 2.007966e+04 4.941142e+04 1.296986e+04 -1.656447e+04 -1.491684e+05
 5.367098e+04 -2.271720e+02 5.687197e+04 -1.275587e+05 -7.277980e+02 1.401550e+04 3.478659e+04 -3.529765e+03 4.112475e+03 -1.562700e+05
 5.225584e+04 -2.151724e+03 5.585671e+04 -1.065408e+05 -3.348212e+03 1.788374e+04 3.725058e+04 -4.338248e+02 -9.481748e+03 -1.145357e+05
 5.732530e+04 -6.021972e+03 5.511840e+04 -9.881823e+04 -1.724004e+04 2.171941e+04 2.625440e+04 -1.411874e+04 4.649783e+03 -1.312341e+05
 6.255156e+04 -1.350998e+04 6.082867e+04 -1.214989e+05 2.012627e+03 3.619142e+04 1.574029e+04 -4.012174e+04 1.855499e+04 -1.478555e+05
 8.033820e+04 -1.469955e+04 6.013249e+04 -1.272495e+05 1.468811e+04 4.101453e+04 1.462721e+03 -5.626422e+04 3.443871e+04 -1.337835e+05
 6.816676e+04 -1.849769e+04 6.579980e+04 -1.276149e+05 2.311963e+04 4.827188e+04 -2.209700e+04 -8.352432e+04 2.307975e+04 -1.160088e+05
 6.771969e+04 -1.380940e+04 5.937644e+04 -1.378962e+05 2.390246e+04 4.727339e+04 -3.200751e+04 -6.140024e+04 2.927224e+04 -1.381600e+05
 6.921587e+04 -1.320381e+04 5.472678e+04 -1.213479e+05 1.534098e+04 3.663103e+04 -6.936878e+04 -6.025658e+04 7.901241e+04 -1.641162e+05
 5.860100e+04 -5.274960e+03 5.352185e+04 -1.166651e+05 -1.588959e+03 4.464758e+04 -8.992517e+04 -7.026221e+04 4.338207e+04 -1.676360e+05
 5.836769e+04 -9.097804e+03 5.253038e+04 -1.588156e+05 -2.133073e+04 3.738243e+04 -8.434499e+04 -5.590566e+04 1.231756e+04 -1.352818e+05
 5.351911e+04 -2.286341e+04 6.952041e+04 -1.702512e+05 -2.150327e+04 6.937918e+04 -7.447340e+04 -6.412308e+04 -4.205543e+04 -1.545065e+05
 5.344504e+04 -3.190309e+04 5.212584e+04 -1.607970e+05 -1.642529e+04 9.790437e+04 -5.735432e+04 -7.821432e+04 -7.607548e+04 -1.441954e+05
 6.146127e+04 -3.303332e+04 5.062774e+04 -1.646647e+05 -9.178649e+03 1.105937e+05 -4.204862e+04 -5.983893e+04 -4.866786e+04 -1.495637e+05
 6.313816e+04 -3.077617e+04 5.281724e+04 -1.292987e+05 -2.756054e+04 1.229162e+05 -6.306323e+04 -7.297304e+04 -4.562340e+04 -2.133641e+05
 5.967593e+04 -2.821487e+04 4.557629e+04 -1.407863e+05 -4.361651e+04 1.118180e+05 -9.523524e+04 -4.781725e+04 -5.463155e+04 -1.943282e+05
 6.311415e+04 -2.086165e+04 3.775054e+04 -1.512508e+05 -6.232968e+04 1.353784e+05 -6.521836e+04 -4.247537e+04 -4.549677e+04 -2.079626e+05
 7.268696e+04 -2.102181e+04 4.331742e+04 -1.650106e+05 -4.138466e+04 1.465497e+05 -4.064229e+04 -6.293182e+04 -5.942579e+04 -1.988111e+05
 7.016139e+04 -1.159768e+04 4.157943e+04 -1.420796e+05 -2.406026e+04 1.494457e+05 -3.132739e+04 -7.787711e+04 -5.289266e+04 -1.917398e+05
 7.566891e+04 -6.876746e+03 2.947730e+04 -1.425292e+05 -1.524589e+04 1.907090e+05 -5.994993e+04 -7.043337e+04 -9.281637e+04 -1.320121e+05
 6.646692e+04 -7.905921e+03 2.312160e+04 -1.379556e+05 -5.319614e+04 1.717197e+05 -3.339185e+04 -8.410599e+04 -9.390531e+04 -1.395381e+05
 6.089322e+04 1.177039e+03 3.007299e+04 -1.647410e+05 -4.457537e+04 1.670848e+05 2.580544e+03 -6.559043e+04 -9.501403e+04 -1.620333e+05
 6.166889e+04 -7.960244e+02 3.712582e+04 -1.556193e+05 -3.958820e+04 1.677144e+05 4.135356e+04 -7.406653e+04 -8.304538e+04 -2.429007e+05
 6.368620e+04 -9.132430e+02 3.684147e+04 -1.623605e+05 -4.253490e+04 1.411577e+05 5.036689e+04 -5.069688e+04 -8.311986e+04 -2.625736e+05
 6.764502e+04 -1.399599e+04 1.811858e+04 -1.552969e+05 -3.055115e+04 1.308040e+05 2.635519e+04 -6.484743e+04 -9.131606e+04 -2.372006e+05
 6.777407e+04 -1.076394e+04 1.050948e+04 -1.513368e+05 -4.724811e+04 1.488010e+05 4.673232e+04 -4.110288e+04 -1.472856e+05 -2.630903e+05
 7.161033e+04 -2.438129e+02 1.706525e+04 -1.676473e+05 -5.999830e+04 1.478843e+05 7.338915e+04 -1.685322e+04 -1.233657e+05 -2.824936e+05
 7.651598e+04 -5.064498e+03 1.917309e+04 -1.764546e+05 -3.822299e+04 1.479201e+05 7.184371e+04 -1.073518e+04 -1.410284e+05 -2.899964e+05
 8.646493e+04 -1.773878e+04 2.085202e+04 -1.632512e+05 -3.604275e+04 1.696696e+05 2.696206e+04 -1.710002e+04 -8.006439e+04 -2.786857e+05
 9.118498e+04 -3.489898e+04 3.238659e+04 -1.726023e+05 -4.562586e+04 1.852185e+05 8.715429e+03 -2.607335e+04 -1.085899e+05 -2.636050e+05
 9.146534e+04 -3.991627e+04 2.617042e+04 -1.361848e+05 -3.034264e+04 2.132123e+05 2.329244e+04 -2.791878e+04 -1.097420e+05 -2.185581e+05
 9.415529e+04 -4.188650e+04 2.276877e+04 -1.194456e+05 -8.425989e+03 2.106710e+05 2.287098e+04 -3.098245e+04 -7.123488e+04 -2.097447e+05
 9.287448e+04 -2.317343e+04 4.331358e+04 -1.451256e+05 1.594411e+04 2.180146e+05 3.691566e+03 -7.070173e+04 -9.866190e+04 -2.284866e+05
 1.135300e+05 -2.490737e+04 3.473020e+04 -1.545305e+05 -2.213905e+03 1.904922e+05 1.726676e+04 -6.030681e+04 -1.090874e+05 -1.912169e+05
 1.201978e+05 -1.714516e+04 3.460475e+04 -1.439951e+05 -7.587407e+03 2.179458e+05 4.002205e+04 -7.937140e+04 -1.737248e+05 -1.797172e+05
 1.282757e+05 -2.489749e+04 1.129853e+04 -1.265325e+05 2.742945e+04 2.740529e+05 3.024597e+04 -9.690211e+04 -2.244335e+05 -1.715849e+05
 1.390189e+05 -3.759861e+04 8.169123e+03 -1.072383e+05 2.638047e+04 2.493078e+05 1.894596e+03 -1.299529e+05 -1.497252e+05 -2.015885e+05
 1.472336e+05 -3.335938e+04 1.587761e+04 -1.155365e+05 2.495461e+04 2.662226e+05 -5.927851e+03 -1.581824e+05 -1.896221e+05 -1.948048e+05
 1.505704e+05 -3.448013e+04 1.307676e+04 -1.222185e+05 -4.567765e+03 2.486784e+05 1.114618e+04 -1.503534e+05 -1.770227e+05 -2.149808e+05
 1.534807e+05 -2.943591e+04 6.157860e+03 -1.154596e+05 2.918580e+04 2.428616e+05 1.966838e+04 -1.720261e+05 -1.984659e+05 -1.909060e+05
 1.543547e+05 -1.621703e+04 -5.180157e+03 -1.088401e+05 2.293073e+04 2.611132e+05 1.779511e+04 -1.428408e+05 -2.211974e+05 -1.802851e+05
 1.483231e+05 -2.320111e+04 -1.149947e+04 -1.160882e+05 3.321570e+04 2.672584e+05 4.412508e+04 -1.932064e+05 -2.682004e+05 -1.918582e+05
 1.507276e+05 -2.718440e+04 7.756423e+03 -1.115067e+05 4.478053e+04 2.896165e+05 4.926919e+04 -2.236248e+05 -2.839410e+05 -2.092673e+05
 1.530405e+05 -5.640302e+04 -2.778998e+04 -1.111716e+05 5.483531e+04 2.903747e+05 5.728813e+04 -2.038369e+05 -2.770554e+05 -2.133136e+05
 1.457628e+05 -6.245905e+04 -4.006423e+04 -1.528896e+05 5.338242e+04 2.659931e+05 4.092333e+04 -1.997968e+05 -2.544677e+05 -1.916099e+05
 1.479118e+05 -6.302664e+04 -3.146720e+04 -1.661217e+05 3.230390e+04 2.555190e+05 1.002434e+05 -2.280243e+05 -2.477709e+05 -1.633903e+05
 1.507736e+05 -4.242843e+04 -3.668946e+04 -1.843576e+05 2.522611e+04 2.336843e+05 8.342562e+04 -2.533049e+05 -2.224329e+05 -1.485950e+05
 1.383388e+05 -2.537719e+04 -1.239954e+04 -1.931797e+05 5.898825e+03 2.239049e+05 1.209760e+05 -2.683488e+05 -1.972749e+05 -1.560878e+05
 1.544111e+05 -3.861344e+04 -1.637881e+04 -2.038196e+05 1.576404e+04 2.127868e+05 9.721146e+04 -2.705116e+05 -1.920557e+05 -1.687295e+05
 1.591591e+05 -4.939193e+04 -1.897798e+04 -2.211837e+05 1.476387e+04 2.038194e+05 1.003826e+05 -2.657019e+05 -1.891717e+05 -1.744586e+05
 1.533402e+05 -3.780980e+04 -2.304064e+04 -2.194499e+05 -1.940590e+04 2.118433e+05 1.334498e+05 -2.484219e+05 -2.015653e+05 -2.419296e+05
 1.587274e+05 -4.935159e+04 -3.950455e+04 -2.392490e+05 -1.183902e+04 2.259080e+05 1.470094e+05 -2.675707e+05 -2.221256e+05 -1.911736e+05
 1.644736e+05 -6.875581e+04 -5.793559e+04 -2.049088e+05 -8.405418e+03 2.119483e+05 1.790393e+05 -2.888603e+05 -2.261075e+05 -2.350153e+05
 1.593737e+05 -9.079020e+04 -5.924286e+04 -2.184236e+05 -2.285910e+04 2.113260e+05 2.319030e+05 -3.249714e+05 -1.798968e+05 -2.342375e+05
 1.689176e+05 -1.031422e+05 -5.882975e+04 -1.952594e+05 -3.260038e+04 2.151454e+05 2.628133e+05 -3.545912e+05 -2.103415e+05 -2.296117e+05
 1.769532e+05 -9.388506e+04 -6.526140e+04 -1.864118e+05 -8.117874e+04 2.010205e+05 2.751401e+05 -3.570441e+05 -1.858147e+05 -2.337776e+05
 1.843697e+05 -1.081001e+05 -5.765889e+04 -1.365726e+05 -5.485962e+04 1.922594e+05 2.523313e+05 -3.940103e+05 -2.022006e+05 -2.435393e+05
 1.881428e+05 -8.806997e+04 -1.060568e+05 -1.673527e+05 -6.759574e+04 1.941787e+05 2.812152e+05 -4.084971e+05 -1.543634e+05 -2.585287e+05
 2.032078e+05 -8.104271e+04 -1.051652e+05 -1.962001e+05 -7.475022e+04 2.264573e+05 2.744088e+05 -3.971236e+05 -2.441618e+05 -2.552455e+05
 1.968965e+05 -8.136078e+04 -1.143744e+05 -2.296091e+05 -7.608601e+04 2.098140e+05 2.727501e+05 -3.715489e+05 -1.865297e+05 -2.321174e+05
 2.038003e+05 -5.913029e+04 -1.102585e+05 -2.547499e+05 -6.499471e+04 1.892681e+05 3.089319e+05 -3.580668e+05 -1.721644e+05 -2.221428e+05
 1.955796e+05 -6.968538e+04 -1.186866e+05 -2.494744e+05 -1.089067e+05 1.946596e+05 2.999750e+05 -3.674101e+05 -1.357283e+05 -2.642761e+05
 1.940834e+05 -6.235226e+04 -1.250664e+05 -2.429087e+05 -9.333069e+04 2.111889e+05 3.080154e+05 -4.120298e+05 -1.533727e+05 -2.709476e+05
 1.903475e+05 -7.187801e+04 -1.326014e+05 -2.405810e+05 -1.237465e+05 1.999566e+05 2.568010e+05 -4.419295e+05 -1.728489e+05 -2.704433e+05
 1.868218e+05 -8.625779e+04 -1.397477e+05 -2.425793e+05 -1.077006e+05 1.972193e+05 2.165430e+05 -4.562059e+05 -1.219646e+05 -2.169480e+05
 2.085354e+05 -1.043355e+05 -1.617195e+05 -2.324125e+05 -1.114863e+05 1.568969e+05 2.478741e+05 -4.638356e+05 -9.694407e+04 -1.840365e+05
 2.081546e+05 -1.151039e+05 -1.508773e+05 -2.584920e+05 -1.171020e+05 1.734053e+05 2.660664e+05 -4.768005e+05 -5.761254e+04 -1.635574e+05
 2.156363e+05 -9.600790e+04 -1.464781e+05 -3.133117e+05 -1.496707e+05 1.767160e+05 2.496603e+05 -4.610362e+05 -3.533291e+04 -1.611178e+05
 2.432387e+05 -1.047377e+05 -1.591549e+05 -2.871998e+05 -1.409993e+05 1.303081e+05 2.506647e+05 -4.813931e+05 -5.772181e+04 -2.060483e+05
 2.352223e+05 -9.962304e+04 -1.513058e+05 -2.923483e+05 -1.052274e+05 1.566620e+05 2.808577e+05 -5.078265e+05 -2.258529e+04 -1.829032e+05
 2.243882e+05 -3.747460e+04 -1.587244e+05 -3.293725e+05 -1.351279e+04 1.061013e+05 2.740375e+05 -3.769107e+05 -1.050949e+05 -2.228028e+05
 2.200627e+05 -4.227370e+04 -1.670467e+05 -3.139517e+05 -7.080645e+03 1.178387e+05 2.798681e+05 -3.953144e+05 -1.198727e+05 -1.863803e+05
 2.199145e+05 -5.698395e+04 -1.375562e+05 -3.567011e+05 -3.564029e+04 1.410329e+05 2.884070e+05 -3.922731e+05 -1.372964e+05 -1.041013e+05
 2.454572e+05 -6.172671e+04 -1.222742e+05 -3.926076e+05 -4.235649e+04 1.543048e+05 3.134968e+05 -4.136524e+05 -1.571177e+05 -6.854748e+04
 2.397284e+05 -8.192618e+04 -1.490766e+05 -3.927006e+05 -2.314402e+03 1.451522e+05 3.277041e+05 -4.192055e+05 -1.683316e+05 -5.089532e+04
 2.497245e+05 -6.006806e+04 -1.463590e+05 -3.969121e+05 3.108469e+04 1.361545e+05 2.800388e+05 -4.257674e+05 -1.788090e+05 -6.540755e+04
 2.318761e+05 -4.411666e+04 -1.256968e+05 -3.654578e+05 3.234454e+04 1.470750e+05 2.228749e+05 -4.532452e+05 -1.734824e+05 -1.457900e+04
 2.277051e+05 -3.625812e+04 -1.127216e+05 -3.721916e+05 5.144296e+04 1.424369e+05 1.870512e+05 -4.275474e+05 -1.579971e+05 -3.824472e+03
 2.478329e+05 -3.521980e+04 -1.047084e+05 -4.111183e+05 5.708845e+04 1.736341e+05 1.594029e+05 -4.586893e+05 -1.529002e+05 7.593223e+04
 2.680009e+05 -5.194454e+04 -1.049755e+05 -4.060067e+05 5.327135e+04 1.513226e+05 1.943905e+05 -4.643303e+05 -4.771558e+04 1.578177e+04
 2.782982e+05 -6.175676e+04 -9.293685e+04 -3.805398e+05 5.072834e+04 1.849134e+05 1.393209e+05 -4.613362e+05 -2.171221e+04 1.997436e+04
 2.834386e+05 -7.613340e+04 -1.044878e+05 -3.944407e+05 7.194509e+03 2.435270e+05 1.660116e+05 -5.165517e+05 -6.048022e+04 6.013910e+04
 2.644958e+05 -8.200635e+04 -1.136360e+05 -3.797564e+05 1.622422e+03 2.847747e+05 1.600935e+05 -5.254685e+05 -4.015922e+04 -1.936948e+03
 2.614985e+05 -8.650185e+04 -1.450193e+05 -3.720668e+05 -1.751114e+04 2.740166e+05 1.011010e+05 -4.591403e+05 -4.542582e+04 4.265653e+04
 2.489787e+05 -7.854574e+04 -1.360969e+05 -3.854090e+05 9.019058e+03 3.072803e+05 7.002302e+04 -4.309523e+05 -7.957973e+04 -5.476397e+04
 2.729164e+05 -7.221825e+04 -1.311384e+05 -3.862058e+05 7.595856e+03 2.896722e+05 4.861025e+04 -3.821004e+05 -5.610372e+04 1.808523e+04
 2.804979e+05 -7.347746e+04 -1.235662e+05 -3.881094e+05 -3.873777e+04 3.126727e+05 1.165262e+04 -3.777569e+05 3.738005e+04 3.731637e+04
 2.900204e+05 -7.123165e+04 -1.622448e+05 -3.779999e+05 -3.949278e+04 2.879206e+05 8.693756e+04 -3.474050e+05 1.038544e+05 8.815629e+04
 2.653749e+05 -8.208565e+04 -1.729802e+05 -4.089983e+05 -2.997778e+04 3.043677e+05 9.965549e+04 -3.587078e+05 1.096268e+05 1.058481e+05
 2.736062e+05 -7.476345e+04 -1.783449e+05 -4.432369e+05 -7.857144e+04 2.896242e+05 1.012192e+05 -3.646059e+05 7.236465e+04 7.838985e+04
 2.770168e+05 -8.477750e+04 -1.702493e+05 -4.508559e+05 -8.868853e+04 2.794352e+05 1.155393e+05 -3.370536e+05 1.025883e+05 1.820545e+04
 2.640919e+05 -9.409943e+04 -1.679096e+05 -4.591176e+05 -1.365730e+05 2.779053e+05 1.421094e+05 -3.592268e+05 5.148745e+04 -3.010651e+03
 2.571503e+05 -1.050461e+05 -1.801693e+05 -4.231444e+05 -1.571975e+05 2.842462e+05 1.709822e+05 -3.226803e+05 7.623994e+04 1.987166e+04
 2.402091e+05 -1.127122e+05 -1.933730e+05 -4.211790e+05 -1.377461e+05 2.660664e+05 1.647054e+05 -3.899078e+05 4.937174e+04 8.903296e+04
 2.142030e+05 -1.131122e+05 -1.648400e+05 -4.288363e+05 -8.717128e+04 2.355912e+05 1.436193e+05 -4.060249e+05 9.603766e+04 -5.835056e+02
 1.929638e+05 -9.692978e+04 -1.911233e+05 -4.457621e+05 -1.167585e+05 1.813986e+05 1.088104e+05 -3.844689e+05 1.160753e+05 -8.023123e+04
 1.826605e+05 -9.404407e+04 -1.835693e+05 -4.430673e+05 -8.928636e+04 1.878951e+05 1.065041e+05 -3.097370e+05 8.631768e+04 -1.165597e+05
 1.996073e+05 -9.864462e+04 -1.941528e+05 -4.484807e+05 -8.693862e+04 9.534670e+04 8.990003e+04 -3.305730e+05 1.197777e+05 -1.108636e+05
 2.051512e+05 -1.088285e+05 -2.002378e+05 -4.586480e+05 -9.746704e+04 6.377920e+04 1.409999e+05 -3.777347e+05 1.465162e+05 -9.662323e+04
 2.039901e+05 -9.002056e+04 -2.112656e+05 -4.553481e+05 -5.950417e+04 6.551011e+04 9.433427e+04 -3.934073e+05 1.689961e+05 -7.875648e+04
 2.453730e+05 -9.941840e+04 -2.050656e+05 -4.280240e+05 -7.987110e+04 5.675491e+04 8.292302e+04 -3.783439e+05 1.827421e+05 -1.083662e+05
 2.470450e+05 -1.207739e+05 -2.029937e+05 -4.401406e+05 -9.340067e+04 9.756448e+04 1.009349e+05 -3.762081e+05 1.920263e+05 -8.348515e+04
 2.560982e+05 -1.195306e+05 -1.947228e+05 -4.375038e+05 -4.793464e+04 8.541074e+04 1.256531e+05 -4.173336e+05 2.105465e+05 -1.129805e+05
 2.773533e+05 -1.216718e+05 -1.905234e+05 -4.591710e+05 -7.507270e+04 9.156621e+04 1.262541e+05 -3.816502e+05 1.938522e+05 -8.528494e+04
 2.912612e+05 -1.109947e+05 -2.075778e+05 -4.551113e+05 -1.055485e+05 1.149628e+05 9.533297e+04 -3.898716e+05 2.397192e+05 -7.828201e+04
 3.719330e+05 -8.957905e+04 -1.487131e+05 -3.630580e+05 9.252170e+04 2.882743e+04 -2.813836e+04 -1.145085e+05 -9.492368e+04 -2.247855e+04
 3.557142e+05 -9.322291e+04 -1.576557e+05 -3.599489e+05 9.400077e+04 4.963369e+04 -1.833529e+04 -1.663691e+05 -5.714072e+04 1.571729e+04
 3.870155e+05 -8.549376e+04 -1.518760e+05 -3.355984e+05 9.028864e+04 3.495937e+04 -3.951694e+04 -1.760081e+05 -3.124731e+04 -9.944864e+03
 4.235296e+05 -1.004625e+05 -1.741417e+05 -3.442362e+05 1.035888e+05 9.632190e+04 -4.644757e+04 -1.903838e+05 -8.486480e+04 5.411844e+04
 4.075611e+05 -9.225563e+04 -1.382960e+05 -3.625758e+05 1.332561e+05 8.970693e+04 -6.898634e+04 -2.055638e+05 -8.113204e+04 2.142105e+04
 4.058096e+05 -5.641681e+04 -1.336318e+05 -3.391449e+05 1.346136e+05 7.495238e+04 -4.379945e+04 -1.588359e+05 -1.509779e+05 5.672538e+04
 4.172863e+05 -2.413129e+04 -1.382913e+05 -3.398416e+05 2.027868e+05 -1.443116e+04 1.679378e+04 -2.122768e+05 -1.486887e+05 1.264397e+04
 4.092132e+05 -4.758121e+04 -1.817133e+05 -3.239627e+05 1.890376e+05 -5.994348e+03 4.925466e+03 -3.167393e+05 -5.111714e+04 4.752848e+04
 4.334331e+05 -5.053121e+04 -1.962112e+05 -3.125163e+05 1.892396e+05 -5.930158e+04 4.341646e+04 -2.478400e+05 -1.789612e+05 8.873570e+04
 4.067391e+05 -5.130958e+04 -1.828913e+05 -3.605880e+05 1.895200e+05 -6.576198e+04 6.303819e+04 -2.094370e+05 -1.803703e+05 1.349295e+05
 3.902459e+05 -3.039178e+04 -1.433398e+05 -3.903399e+05 2.068273e+05 -3.578588e+04 4.243444e+04 -2.303892e+05 -1.449785e+05 6.325544e+04
 3.725133e+05 -5.133911e+04 -1.487732e+05 -4.110633e+05 2.309844e+05 -4.227576e+04 1.295598e+04 -2.032938e+05 -1.833824e+05 1.035461e+05
 3.807786e+05 -1.320390e+04 -1.300983e+05 -4.172086e+05 2.136962e+05 -1.994976e+04 2.787276e+04 -1.119615e+05 -2.531368e+05 1.881490e+04
 3.901346e+05 -7.704188e+02 -1.410271e+05 -3.847238e+05 1.695877e+05 -1.489414e+04 -7.311637e+02 -1.229604e+05 -3.120495e+05 5.563293e+04
 3.855690e+05 -9.973141e+03 -1.647588e+05 -3.421160e+05 1.873243e+05 9.882257e+03 4.535873e+04 -1.017220e+05 -2.488453e+05 -1.746924e+04
 3.936777e+05 -6.214332e+03 -1.625243e+05 -3.420575e+05 2.010055e+05 2.074926e+04 9.278174e+04 -1.787240e+05 -2.422707e+05 2.814461e+04
 4.027048e+05 -1.778443e+04 -1.834982e+05 -3.272344e+05 1.958453e+05 1.495885e+04 1.020140e+05 -2.167172e+05 -2.567083e+05 2.537188e+04
 4.180701e+05 -1.476258e+04 -1.763867e+05 -3.102238e+05 2.135409e+05 2.453210e+04 1.224511e+05 -2.012905e+05 -2.849344e+05 -1.836866e+04
 4.202274e+05 -7.956676e+03 -1.850236e+05 -3.027388e+05 1.749590e+05 -1.548722e+04 1.392490e+05 -2.147022e+05 -2.351797e+05 6.075549e+04
 4.059947e+05 -1.162602e+04 -2.151976e+05 -2.792342e+05 1.842606e+05 2.233672e+03 1.837050e+05 -2.292651e+05 -2.585296e+05 -1.899401e+04
 4.034135e+05 -1.760204e+04 -2.172310e+05 -2.636708e+05 1.689812e+05 -5.334111e+04 1.128328e+05 -1.492807e+05 -3.151052e+05 4.142979e+04
 3.995093e+05 -3.464537e+04 -2.282574e+05 -2.841268e+05 1.895148e+05 -3.775656e+04 6.053270e+04 -2.387639e+05 -3.298993e+05 1.852146e+04
 3.963440e+05 -4.419631e+04 -2.620428e+05 -2.893677e+05 2.072646e+05 -9.467847e+04 6.577921e+04 -2.259610e+05 -2.540202e+05 -7.969602e+03
 4.048016e+05 -4.059424e+04 -2.442003e+05 -3.097411e+05 1.864740e+05 -1.023991e+05 1.181641e+05 -2.338174e+05 -2.903373e+05 -4.224228e+04
 3.759000e+05 -2.716464e+04 -2.148918e+05 -3.487949e+05 1.784289e+05 -8.865498e+04 5.923989e+04 -2.426696e+05 -2.319807e+05 -4.352056e+04
 3.593203e+05 -4.675982e+04 -2.342880e+05 -3.793068e+05 2.317853e+05 -8.371780e+04 7.448908e+04 -2.588130e+05 -2.251260e+05 -4.065353e+04
 3.412643e+05 -3.584755e+04 -2.825295e+05 -3.551015e+05 2.595420e+05 -1.215663e+05 5.515184e+04 -2.279673e+05 -2.118118e+05 -1.081042e+04
 3.438123e+05 -2.423767e+04 -3.005914e+05 -3.718288e+05 2.960032e+05 -8.285194e+04 2.825463e+04 -2.602542e+05 -2.105905e+05 -1.422087e+04
 3.544165e+05 -3.457339e+04 -2.636069e+05 -3.426323e+05 2.514052e+05 -2.414042e+04 6.274046e+04 -2.866863e+05 -1.693840e+05 -8.836560e+03
 3.344652e+05 -2.927443e+04 -2.437953e+05 -3.963951e+05 2.898397e+05 -1.160465e+04 -9.773018e+01 -2.867873e+05 -1.675803e+05 -6.422925e+03
 3.474460e+05 -4.067669e+04 -2.563840e+05 -3.917816e+05 3.396602e+05 2.723045e+04 3.083079e+04 -3.090983e+05 -1.159984e+04 -5.459985e+04
 3.315251e+05 -2.329763e+04 -2.535208e+05 -3.885363e+05 2.976123e+05 8.919266e+04 1.685816e+04 -2.847440e+05 3.030120e+04 -7.230876e+04
 3.369703e+05 -2.483775e+04 -2.544228e+05 -4.032101e+05 2.606170e+05 1.279396e+05 9.795118e+03 -2.725589e+05 3.413276e+04 -1.267426e+05
 3.390885e+05 3.155995e+03 -2.782683e+05 -4.037043e+05 2.823730e+05 1.643193e+05 4.140565e+04 -2.758237e+05 -3.480268e+04 -2.024198e+05
 3.224425e+05 -1.163630e+04 -2.840907e+05 -4.215107e+05 2.681503e+05 1.788084e+05 1.183317e+04 -2.650228e+05 -1.571208e+04 -2.316960e+05
 3.597174e+05 6.009170e+04 -2.630656e+05 -3.950159e+05 9.344378e+04 3.704816e+05 -2.751346e+05 -1.508417e+05 9.753413e+04 -2.804078e+05
 3.316883e+05 -6.963258e+02 -2.429180e+05 -3.895926e+05 8.783795e+04 3.587495e+05 -2.384330e+05 -2.609062e+05 1.354064e+05 -2.337078e+05
 3.455823e+05 1.173880e+04 -2.444346e+05 -4.245008e+05 8.858813e+04 3.457267e+05 -2.594328e+05 -2.150063e+05 1.105946e+05 -2.497775e+05
 3.417332e+05 4.753552e+04 -2.414198e+05 -4.228203e+05 9.237907e+04 2.579432e+05 -2.580614e+05 -2.130869e+05 1.031438e+05 -2.309056e+05
 3.735134e+05 1.138444e+04 -2.371603e+05 -4.004799e+05 1.077469e+05 2.672800e+05 -2.713376e+05 -3.115409e+05 6.878627e+04 -2.554727e+05
 3.989868e+05 -3.896173e+04 -2.331695e+05 -3.711781e+05 1.035955e+05 1.696534e+05 -2.999472e+05 -2.725511e+05 6.607890e+04 -2.531121e+05
 3.851685e+05 -7.539193e+04 -2.668178e+05 -3.678246e+05 1.357247e+05 1.539145e+05 -2.480082e+05 -2.317836e+05 1.166753e+05 -2.909949e+05
 4.129617e+05 -6.744648e+04 -2.807359e+05 -3.727147e+05 1.139195e+05 1.274142e+05 -2.467373e+05 -2.330902e+05 1.134059e+05 -3.759366e+05
 4.130348e+05 -3.077856e+04 -2.800432e+05 -4.133441e+05 9.596484e+04 1.419891e+05 -3.218215e+05 -2.163951e+05 1.039306e+05 -2.167504e+05
 4.298851e+05 -8.671373e+03 -2.911348e+05 -3.922624e+05 6.929444e+04 1.290053e+05 -4.005404e+05 -6.720657e+04 2.819364e+04 -1.809602e+05
 4.269549e+05 -3.684854e+04 -3.046926e+05 -4.162144e+05 -1.884814e+04 1.484866e+05 -3.812346e+05 -1.161569e+05 9.076249e+04 -1.702887e+05
 4.167692e+05 -4.803410e+04 -3.199444e+05 -4.366467e+05 -2.848248e+04 1.668402e+05 -4.179321e+05 -6.707401e+04 7.459589e+04 -2.341799e+05
 4.437696e+05 -4.618324e+04 -3.155558e+05 -4.100470e+05 -2.932096e+04 1.837766e+05 -4.746357e+05 -5.789700e+04 4.102965e+04 -2.165310e+05
 4.421690e+05 -6.349167e+04 -3.226559e+05 -4.359099e+05 -5.706799e+04 3.024336e+05 -4.808427e+05 -9.317593e+04 3.578805e+04 -2.147427e+05
 4.462513e+05 -4.478129e+04 -3.265295e+05 -4.784943e+05 2.049761e+04 3.045919e+05 -4.247935e+05 -1.491174e+05 1.979507e+04 -3.420262e+05
 4.138127e+05 -8.257108e+03 -3.341674e+05 -4.287536e+05 -2.441386e+04 2.886383e+05 -3.830214e+05 -1.289247e+05 2.677347e+04 -4.045405e+05
 3.886683e+05 -1.073457e+04 -3.390146e+05 -3.758145e+05 -6.545282e+04 2.594545e+05 -4.460532e+05 -7.906467e+04 1.121928e+05 -3.377264e+05
 3.805140e+05 -2.682267e+04 -3.151388e+05 -3.587175e+05 -7.903719e+04 3.330782e+05 -4.197326e+05 -5.930463e+04 1.314462e+05 -4.025540e+05
 3.939539e+05 -2.127749e+04 -2.477770e+05 -3.386520e+05 -2.649706e+04 2.744135e+05 -4.904958e+05 -4.209183e+04 1.080603e+05 -4.032568e+05
 3.627065e+05 8.215987e+02 -2.517216e+05 -3.953722e+05 4.115455e+04 2.010286e+05 -5.072321e+05 -2.254283e+04 4.893439e+04 -4.751110e+05
 3.672973e+05 -7.349949e+03 -2.426465e+05 -3.942649e+05 -1.100466e+04 2.000449e+05 -4.547389e+05 -9.674207e+04 2.919139e+04 -4.767489e+05
 3.782470e+05 -3.548642e+03 -2.448771e+05 -4.075020e+05 -6.246233e+04 1.782003e+05 -4.937790e+05 -9.904317e+04 6.067713e+04 -3.939717e+05
 3.696362e+05 -9.708714e+03 -2.446631e+05 -3.930998e+05 -3.217797e+04 2.006746e+05 -5.519052e+05 -1.172697e+05 3.306567e+04 -4.169697e+05
 3.644309e+05 2.719807e+04 -2.790232e+05 -4.036229e+05 -4.657422e+04 1.839995e+05 -5.181659e+05 -1.534644e+05 7.249963e+04 -3.972333e+05
 3.678808e+05 -8.815795e+02 -2.480158e+05 -4.295779e+05 8.054621e+02 1.179531e+05 -6.484445e+05 -1.373086e+05 5.802197e+04 -2.300604e+05
 3.602678e+05 -3.582281e+04 -2.447902e+05 -4.633098e+05 -5.743851e+04 1.316190e+05 -6.690306e+05 -1.817908e+05 6.399135e+04 -2.200129e+05
 3.362474e+05 -5.510356e+04 -2.511479e+05 -4.492710e+05 -9.680077e+04 7.647678e+04 -7.876338e+05 -1.507760e+05 -3.347595e+04 -2.097594e+05
 3.067541e+05 -7.077048e+04 -2.427324e+05 -4.915411e+05 -1.272075e+05 8.277820e+04 -7.590606e+05 -1.252715e+05 -6.709308e+04 -2.716799e+05
 2.837584e+05 -8.440387e+04 -1.832873e+05 -4.845030e+05 -1.410781e+05 1.125472e+05 -7.671466e+05 -6.860258e+04 -2.529125e+04 -1.963590e+05
 2.940526e+05 -9.256882e+04 -2.050069e+05 -4.129902e+05 -2.050272e+05 1.450469e+05 -7.522578e+05 -2.964808e+04 -1.216126e+04 -1.183266e+05
 3.066752e+05 -1.389774e+05 -2.478679e+05 -4.827972e+05 -2.120874e+05 9.317489e+04 -7.744739e+05 6.645182e+04 5.615988e+04 -1.221372e+05
 3.106942e+05 -1.303348e+05 -2.322068e+05 -4.713136e+05 -2.232049e+05 9.505708e+04 -8.182003e+05 3.990732e+04 1.234259e+05 -1.371462e+05
 3.199492e+05 -1.482404e+05 -2.261816e+05 -4.724213e+05 -1.722853e+05 1.428154e+05 -8.738595e+05 6.753492e+04 2.252424e+05 -1.345401e+05
 3.204413e+05 -1.442558e+05 -2.164709e+05 -5.181273e+05 -1.640581e+05 2.039178e+05 -9.506171e+05 6.964219e+04 1.094112e+05 -1.785921e+05
 3.222616e+05 -1.108931e+05 -2.078569e+05 -5.060274e+05 -1.237615e+05 1.649160e+05 -8.988435e+05 4.248924e+04 4.174038e+04 -9.132329e+04
 3.766808e+05 -2.505567e+05 -8.234421e+04 -8.534329e+05 -3.434571e+05 1.168427e+05 -1.285784e+06 1.640757e+05 -4.183981e+05 3.898418e+05
 3.916199e+05 -2.229421e+05 -2.982529e+04 -8.973665e+05 -3.351466e+05 1.524312e+04 -1.353147e+06 1.167676e+05 -4.619055e+05 5.008176e+05
 3.986849e+05 -2.365792e+05 -2.394433e+04 -9.126276e+05 -3.536966e+05 1.278484e+05 -1.321241e+06 1.363433e+05 -3.948658e+05 6.053681e+05
 3.838169e+05 -2.701166e+05 -2.583535e+04 -9.545345e+05 -3.268115e+05 2.275958e+05 -1.411617e+06 1.500125e+05 -4.129168e+05 5.900041e+05
 3.952395e+05 -2.811609e+05 -3.256035e+03 -8.806121e+05 -3.453762e+05 2.893150e+05 -1.430991e+06 1.322215e+05 -3.902342e+05 5.474068e+05
 3.711237e+05 -2.865503e+05 -3.524329e+04 -7.769034e+05 -3.254854e+05 2.148276e+05 -1.471806e+06 1.107452e+05 -2.959009e+05 4.575733e+05
 3.670291e+05 -2.785144e+05 -5.234898e+04 -7.349917e+05 -3.661662e+05 2.608898e+05 -1.400032e+06 7.069257e+04 -2.224596e+05 3.954732e+05
 3.253437e+05 -2.859228e+05 -5.954956e+04 -7.454232e+05 -4.245855e+05 3.300936e+05 -1.397696e+06 2.841425e+04 -2.908175e+05 2.989081e+05
 2.972974e+05 -2.640474e+05 -7.321398e+04 -7.248263e+05 -4.271435e+05 3.153373e+05 -1.439139e+06 -8.416381e+04 -2.537990e+05 2.533844e+05
 3.067004e+05 -2.972357e+05 -6.986578e+04 -7.490240e+05 -4.247821e+05 3.056768e+05 -1.431245e+06 -9.709451e+04 -3.216083e+05 3.440168e+05
 2.782376e+05 -3.065331e+05 -7.452418e+04 -7.691658e+05 -4.981924e+05 3.140376e+05 -1.481807e+06 -3.170631e+04 -3.817507e+05 3.429348e+05
 2.761196e+05 -3.512052e+05 -4.321865e+04 -7.305262e+05 -4.748226e+05 2.744710e+05 -1.484115e+06 -2.208067e+04 -3.428686e+05 3.496443e+05
 3.069041e+05 -3.623014e+05 -3.702453e+04 -7.533918e+05 -4.602881e+05 2.321527e+05 -1.422898e+06 1.265498e+04 -3.448370e+05 3.809734e+05
 3.157875e+05 -3.852021e+05 -2.519173e+04 -7.671842e+05 -4.571835e+05 1.619425e+05 -1.430725e+06 3.327911e+04 -3.326091e+05 4.505975e+05
 3.123304e+05 -3.935682e+05 -1.800452e+04 -7.904219e+05 -4.668364e+05 2.057107e+05 -1.485301e+06 -2.337155e+04 -4.277729e+05 3.428286e+05
 3.341715e+05 -4.045286e+05 4.447851e+03 -8.081281e+05 -4.183849e+05 2.096900e+05 -1.538627e+06 -5.696540e+04 -4.223314e+05 4.349662e+05
 3.213928e+05 -3.785301e+05 2.734144e+04 -7.911899e+05 -4.150739e+05 2.646948e+05 -1.543681e+06 -1.456499e+05 -3.453696e+05 3.888139e+05
 3.099365e+05 -3.587338e+05 -3.643022e+03 -8.852998e+05 -4.062911e+05 2.504500e+05 -1.536207e+06 -9.435564e+04 -2.547028e+05 3.468937e+05
 2.711204e+05 -3.973505e+05 2.824735e+04 -7.642879e+05 -4.313554e+05 1.901187e+05 -1.427252e+06 -9.128442e+04 -2.887778e+05 2.903338e+05
 2.533435e+05 -4.330742e+05 1.984047e+04 -7.070971e+05 -3.589665e+05 2.574413e+05 -1.471220e+06 -6.582364e+04 -2.465702e+05 1.798465e+05
 2.385573e+05 -4.098663e+05 5.320777e+04 -7.153369e+05 -3.455576e+05 3.171074e+05 -1.395449e+06 -1.471016e+05 -2.790736e+05 2.258402e+05
 2.994625e+05 -3.905505e+05 8.721008e+04 -6.725274e+05 -4.060819e+05 2.837103e+05 -1.462996e+06 -1.636267e+05 -3.222190e+05 2.707823e+05
 3.287403e+05 -4.250923e+05 8.740521e+04 -7.420189e+05 -3.670327e+05 2.082763e+05 -1.473561e+06 -1.277516e+05 -2.787424e+05 2.241741e+05
 3.593693e+05 -4.628801e+05 5.969424e+04 -7.214220e+05 -3.785140e+05 1.021207e+05 -1.477013e+06 -1.586034e+05 -4.189586e+05 3.070198e+05
 3.351569e+05 -4.016166e+05 6.114337e+04 -7.123500e+05 -3.404835e+05 4.046580e+04 -1.485148e+06 -2.131501e+05 -4.548010e+05 4.212910e+05
 3.239642e+05 -3.943896e+05 7.987500e+04 -7.002599e+05 -3.427476e+05 -4.504073e+04 -1.452771e+06 -2.627528e+05 -4.935344e+05 4.129212e+05
 3.673890e+05 -3.875964e+05 1.412702e+05 -7.510710e+05 -3.177669e+05 -5.991445e+04 -1.522759e+06 -2.853382e+05 -4.941811e+05 3.322150e+05
 3.704632e+05 -3.698565e+05 1.421910e+05 -7.405643e+05 -3.735240e+05 -1.404296e+05 -1.518423e+06 -3.278783e+05 -5.069471e+05 3.968585e+05
 3.415833e+05 -3.182057e+05 1.388257e+05 -6.825754e+05 -3.421216e+05 -1.461683e+05 -1.483163e+06 -3.704290e+05 -5.242598e+05 4.019372e+05
 3.376923e+05 -3.207912e+05 1.001218e+05 -6.752684e+05 -3.205488e+05 -1.229911e+05 -1.441224e+06 -3.675543e+05 -5.027325e+05 4.623119e+05
 3.066828e+05 -3.441926e+05 9.546613e+04 -6.654620e+05 -3.353798e+05 -2.093041e+05 -1.403649e+06 -4.805054e+05 -4.930362e+05 5.857799e+05
 3.413109e+05 -3.337290e+05 1.397846e+05 -6.821158e+05 -4.043569e+05 -2.098166e+05 -1.469990e+06 -5.042510e+05 -4.424895e+05 6.678054e+05
 3.244018e+05 -3.345665e+05 1.767588e+05 -6.783869e+05 -4.361334e+05 -1.666210e+05 -1.403522e+06 -5.869182e+05 -5.223385e+05 7.100535e+05
 3.212066e+05 -3.889193e+05 1.706761e+05 -7.145786e+05 -4.371076e+05 -2.567041e+05 -1.408011e+06 -6.791209e+05 -4.126606e+05 7.878390e+05
 2.970354e+05 -3.684858e+05 1.765978e+05 -7.493502e+05 -4.590606e+05 -2.744692e+05 -1.388427e+06 -7.318216e+05 -4.298934e+05 7.139134e+05
 2.112981e+05 -6.531983e+05 1.573642e+05 -9.097043e+05 -2.846060e+05 -2.950133e+05 -1.420821e+06 -7.468429e+05 -6.720427e+05 8.612289e+05
 1.885006e+05 -6.506347e+05 1.382041e+05 -8.927025e+05 -1.867912e+05 -3.250812e+05 -1.455608e+06 -7.059012e+05 -7.013377e+05 9.190307e+05
 1.804527e+05 -6.368079e+05 1.354087e+05 -8.084538e+05 -2.766577e+05 -2.926430e+05 -1.458942e+06 -6.915915e+05 -6.748994e+05 9.200159e+05
 1.498132e+05 -6.231444e+05 1.954308e+05 -8.492919e+05 -2.805803e+05 -2.185294e+05 -1.637291e+06 -7.265271e+05 -5.902573e+05 8.854781e+05
 1.908842e+05 -6.285954e+05 1.229973e+05 -9.203085e+05 -2.603143e+05 -1.253049e+05 -1.615325e+06 -6.145975e+05 -8.219686e+05 8.560679e+05
 2.165278e+05 -6.421710e+05 1.268242e+05 -8.623416e+05 -3.692902e+05 -1.832859e+05 -1.496512e+06 -6.267127e+05 -7.286431e+05 9.147356e+05
 2.433192e+05 -6.559268e+05 1.128748e+05 -7.954938e+05 -3.784121e+05 -1.257462e+05 -1.392923e+06 -7.221982e+05 -7.713512e+05 8.666469e+05
 2.449905e+05 -7.038775e+05 9.243805e+04 -7.351347e+05 -4.466239e+05 -6.204525e+04 -1.358130e+06 -7.753821e+05 -7.384568e+05 8.732456e+05
 2.503498e+05 -7.004071e+05 1.050692e+05 -7.523294e+05 -5.205694e+05 -2.561479e+04 -1.305565e+06 -8.882092e+05 -6.009688e+05 9.241024e+05
 2.188186e+05 -6.799622e+05 1.575221e+05 -8.243969e+05 -6.779721e+05 -2.328846e+04 -1.233804e+06 -9.699140e+05 -5.199109e+05 9.027788e+05
 2.225251e+05 -6.699357e+05 1.992879e+05 -7.139991e+05 -6.272823e+05 -8.254772e+04 -1.224773e+06 -9.161044e+05 -5.441447e+05 8.114188e+05
 2.137949e+05 -6.907071e+05 2.192193e+05 -7.056730e+05 -6.097193e+05 -8.941971e+04 -1.252603e+06 -1.170219e+06 -5.947088e+05 1.030161e+06
 1.859391e+05 -7.047477e+05 2.544787e+05 -6.505133e+05 -5.936570e+05 -3.531390e+04 -1.193772e+06 -1.164316e+06 -7.181611e+05 1.009475e+06
 1.201740e+05 -7.104897e+05 2.605116e+05 -6.978782e+05 -6.336093e+05 -1.830933e+04 -1.148029e+06 -1.117422e+06 -6.939442e+05 1.075995e+06
 1.125003e+05 -6.791231e+05 3.002857e+05 -6.799597e+05 -6.072558e+05 2.949644e+04 -1.175732e+06 -1.142496e+06 -8.937116e+05 1.196489e+06
 1.044596e+05 -6.770060e+05 2.838946e+05 -6.367406e+05 -6.328519e+05 -1.258692e+04 -1.200472e+06 -1.271517e+06 -9.132098e+05 1.205440e+06
 8.819870e+04 -7.046378e+05 2.674195e+05 -5.864208e+05 -6.404480e+05 4.244297e+04 -1.184611e+06 -1.304510e+06 -7.211261e+05 1.119059e+06
 9.397237e+04 -7.277469e+05 3.260887e+05 -5.726331e+05 -6.871455e+05 -3.102240e+04 -1.211923e+06 -1.222509e+06 -7.919299e+05 1.018018e+06
 1.766776e+05 -7.394429e+05 3.159416e+05 -6.812214e+05 -7.079928e+05 -7.340842e+04 -1.213747e+06 -1.058590e+06 -7.432033e+05 1.072108e+06
 2.219683e+05 -7.153964e+05 3.032126e+05 -6.374471e+05 -7.621709e+05 -3.332136e+04 -1.303829e+06 -9.018408e+05 -8.951764e+05 1.011098e+06
 2.167204e+05 -7.900497e+05 3.323152e+05 -6.599786e+05 -7.365981e+05 -9.850246e+03 -1.327394e+06 -8.992284e+05 -1.008529e+06 1.095995e+06
 1.823052e+05 -8.443434e+05 3.440807e+05 -6.535872e+05 -7.677869e+05 -5.540852e+04 -1.362883e+06 -8.597912e+05 -6.979450e+05 1.025698e+06
 2.207531e+05 -8.635970e+05 3.130557e+05 -6.009854e+05 -7.347314e+05 -1.071603e+05 -1.408080e+06 -8.413666e+05 -6.951503e+05 9.967523e+05
 2.634835e+05 -9.119052e+05 3.160232e+05 -5.290154e+05 -7.204390e+05 -1.437636e+05 -1.462017e+06 -7.791340e+05 -7.316830e+05 9.547224e+05
 3.183545e+05 -9.507571e+05 2.877052e+05 -5.325562e+05 -6.903872e+05 -1.715184e+05 -1.403930e+06 -7.398875e+05 -7.107098e+05 8.488356e+05
 3.233731e+05 -9.951717e+05 2.796277e+05 -4.940242e+05 -6.713593e+05 -2.275843e+05 -1.423124e+06 -7.816608e+05 -5.898111e+05 8.976832e+05
 3.232465e+05 -1.013756e+06 2.934529e+05 -4.175091e+05 -7.162066e+05 -2.269844e+05 -1.486547e+06 -8.604436e+05 -6.910008e+05 9.382464e+05
 3.351984e+05 -9.837598e+05 3.325575e+05 -4.395549e+05 -7.979551e+05 -2.466663e+05 -1.507266e+06 -7.905907e+05 -7.181446e+05 9.123059e+05
 3.471239e+05 -9.827408e+05 3.100013e+05 -4.705189e+05 -7.678204e+05 -1.757238e+05 -1.554394e+06 -7.601577e+05 -6.822964e+05 8.040405e+05
 3.763925e+05 -9.584373e+05 2.873732e+05 -4.278440e+05 -7.252067e+05 -1.552145e+05 -1.616052e+06 -6.103471e+05 -5.821770e+05 6.757708e+05
 3.182140e+05 -9.214495e+05 2.706650e+05 -4.502386e+05 -6.520480e+05 -2.279929e+05 -1.652367e+06 -6.923959e+05 -5.753503e+05 8.355247e+05
 3.180643e+05 -8.317502e+05 3.346840e+05 -4.496079e+05 -6.892960e+05 -2.547470e+05 -1.755116e+06 -7.503288e+05 -6.406190e+05 8.730876e+05
 3.129746e+05 -8.524957e+05 3.855565e+05 -4.849817e+05 -7.690635e+05 -2.908660e+05 -1.697674e+06 -5.859649e+05 -5.915474e+05 7.815016e+05
 2.902581e+05 -8.173913e+05 2.980000e+05 -4.863024e+05 -7.859038e+05 -1.616582e+05 -1.671613e+06 -6.681065e+05 -6.414110e+05 7.747173e+05
 3.110345e+05 -8.467491e+05 3.340290e+05 -5.344008e+05 -8.168369e+05 -2.135125e+05 -1.611632e+06 -6.546978e+05 -5.959353e+05 8.774258e+05
 2.538287e+03 -8.081738e+05 4.665011e+05 -1.331843e+06 -1.090073e+06 -6.281799e+05 -3.147346e+05 -2.111945e+06 2.266514e+05 5.375718e+05
 -2.194542e+04 -7.564091e+05 4.052130e+05 -1.453162e+06 -1.016659e+06 -6.105476e+05 -4.463136e+05 -2.011661e+06 7.573842e+04 6.713551e+05
 2.628670e+04 -7.258543e+05 4.034335e+05 -1.522406e+06 -1.004931e+06 -6.987995e+05 -4.974462e+05 -2.033284e+06 1.706612e+05 6.076182e+05
 4.167200e+03 -6.750885e+05 3.430181e+05 -1.537068e+06 -1.035030e+06 -7.297184e+05 -4.959803e+05 -1.929835e+06 1.306170e+05 7.802260e+05
 -3.325242e+04 -7.023233e+05 3.696223e+05 -1.499339e+06 -9.831851e+05 -7.629446e+05 -5.289356e+05 -1.820089e+06 5.824419e+04 8.086654e+05
 -3.762736e+04 -6.830904e+05 4.070031e+05 -1.552581e+06 -8.821673e+05 -8.393298e+05 -5.149969e+05 -1.833988e+06 -4.617147e+03 1.003337e+06
 -5.455567e+04 -7.725667e+05 3.964818e+05 -1.583990e+06 -9.749688e+05 -6.533307e+05 -4.524484e+05 -1.732368e+06 -1.038435e+05 9.905909e+05
 -9.957620e+04 -6.779598e+05 3.815231e+05 -1.503441e+06 -9.882514e+05 -6.725617e+05 -5.797447e+05 -1.732182e+06 -1.198614e+05 9.246310e+05
 -9.525110e+04 -6.816051e+05 4.389827e+05 -1.471243e+06 -8.923958e+05 -6.136070e+05 -7.638229e+05 -1.759742e+06 -2.502495e+05 1.005261e+06
 -1.605674e+05 -7.509346e+05 4.794463e+05 -1.502166e+06 -7.372143e+05 -4.976640e+05 -7.100232e+05 -1.746276e+06 -4.459184e+05 1.084281e+06
 -1.189015e+05 -6.907294e+05 5.028402e+05 -1.466226e+06 -7.113204e+05 -6.467100e+05 -6.283029e+05 -1.800489e+06 -6.558028e+05 1.119272e+06
 -3.577080e+04 -6.659806e+05 5.545340e+05 -1.573040e+06 -7.436851e+05 -7.259253e+05 -6.850729e+05 -1.646766e+06 -6.947600e+05 1.244139e+06
 -6.222677e+04 -6.302827e+05 4.922632e+05 -1.626823e+06 -7.113142e+05 -7.995438e+05 -6.098782e+05 -1.771474e+06 -9.525755e+05 1.322461e+06
 -2.083294e+04 -5.879155e+05 4.562528e+05 -1.638689e+06 -7.219470e+05 -8.499972e+05 -7.300819e+05 -1.695008e+06 -1.006500e+06 1.483423e+06
 -6.825357e+04 -4.931215e+05 3.970322e+05 -1.656715e+06 -6.652347e+05 -9.247395e+05 -6.557944e+05 -1.752763e+06 -1.013825e+06 1.372324e+06
 -1.179328e+05 -4.995196e+05 3.657057e+05 -1.686947e+06 -6.314263e+05 -9.356539e+05 -5.881281e+05 -1.804663e+06 -9.610224e+05 1.567923e+06
 -9.582955e+04 -5.201518e+05 3.488723e+05 -1.746145e+06 -6.237252e+05 -9.655017e+05 -4.784602e+05 -1.896498e+06 -9.236255e+05 1.644020e+06
 -8.662835e+04 -5.864559e+05 3.831422e+05 -1.789398e+06 -5.251080e+05 -9.844865e+05 -5.929058e+05 -1.996357e+06 -9.002685e+05 1.814646e+06
 -4.215490e+04 -5.093560e+05 3.360198e+05 -1.715956e+06 -4.852950e+05 -1.058330e+06 -5.570148e+05 -1.936079e+06 -9.757324e+05 1.685590e+06
 -6.829943e+04 -5.047362e+05 4.585486e+05 -1.736643e+06 -4.589526e+05 -1.174138e+06 -6.288029e+05 -1.909519e+06 -1.087338e+06 1.704779e+06
 1.658565e+04 -5.271454e+05 5.088552e+05 -1.708904e+06 -3.994298e+05 -9.965812e+05 -6.979375e+05 -1.909800e+06 -1.086612e+06 1.651194e+06
 8.384242e+04 -4.846061e+05 5.584138e+05 -1.785202e+06 -3.678335e+05 -1.052775e+06 -4.888317e+05 -2.001709e+06 -1.272492e+06 1.749116e+06
 8.100720e+04 -5.184377e+05 4.612852e+05 -1.834609e+06 -4.246831e+05 -1.007990e+06 -4.098986e+05 -1.957757e+06 -1.347108e+06 1.761013e+06
 1.003056e+05 -5.403515e+05 5.735426e+05 -1.879505e+06 -4.497881e+05 -9.618976e+05 -4.144771e+05 -2.082927e+06 -1.379181e+06 1.758279e+06
 5.878403e+04 -5.961396e+05 5.262200e+05 -1.900915e+06 -4.403995e+05 -9.664180e+05 -5.556394e+05 -1.945180e+06 -1.258193e+06 1.702092e+06
 1.421916e+05 -6.449803e+05 5.277658e+05 -1.893744e+06 -3.288255e+05 -1.058800e+06 -4.872736e+05 -2.036599e+06 -1.356814e+06 1.773509e+06
 1.416319e+05 -6.913333e+05 4.926900e+05 -1.898134e+06 -3.479618e+05 -1.078891e+06 -5.682843e+05 -1.871404e+06 -1.129112e+06 1.455317e+06
 1.263651e+05 -6.764401e+05 5.198215e+05 -1.891131e+06 -3.766943e+05 -1.019037e+06 -6.136990e+05 -1.836400e+06 -1.213403e+06 1.554990e+06
 9.704074e+04 -7.170539e+05 5.207321e+05 -1.848554e+06 -5.350715e+05 -9.440448e+05 -5.834905e+05 -1.863572e+06 -1.186315e+06 1.521280e+06
 1.248834e+05 -7.073612e+05 4.979472e+05 -1.897555e+06 -4.619947e+05 -8.981217e+05 -5.627190e+05 -1.829853e+06 -1.249987e+06 1.478426e+06
 1.254573e+05 -7.042310e+05 5.071487e+05 -1.799056e+06 -5.130042e+05 -8.561350e+05 -3.682806e+05 -1.929175e+06 -1.119534e+06 1.512559e+06
 1.440935e+05 -6.683988e+05 5.315062e+05 -1.851908e+06 -4.522082e+05 -7.941884e+05 -3.461577e+05 -1.920242e+06 -9.922931e+05 1.505466e+06
 1.727226e+05 -6.900341e+05 5.732390e+05 -1.886305e+06 -4.610331e+05 -8.075798e+05 -3.527764e+05 -1.948048e+06 -9.687765e+05 1.314391e+06
 1.882383e+05 -7.190871e+05 5.695184e+05 -1.910054e+06 -5.399588e+05 -8.771987e+05 -3.057963e+05 -1.850259e+06 -9.101903e+05 1.188058e+06
 1.667181e+05 -6.609836e+05 6.148684e+05 -1.834386e+06 -4.406322e+05 -8.386341e+05 -2.843342e+05 -1.959296e+06 -9.021922e+05 1.267863e+06
 -2.349208e+04 -6.104957e+05 -6.639245e+04 -3.041205e+06 3.818929e+05 -1.069528e+06 -3.314648e+05 -3.736251e+06 -1.801636e+06 1.097389e+06
 -4.430444e+04 -6.231411e+05 -8.512434e+04 -3.047558e+06 5.565528e+05 -1.029665e+06 -6.292531e+05 -3.654316e+06 -1.863590e+06 1.306413e+06
 8.874430e+03 -5.712651e+05 -1.597062e+05 -2.976627e+06 4.292640e+05 -1.115868e+06 -2.624386e+05 -3.596327e+06 -1.692128e+06 1.084658e+06
 4.190237e+04 -5.560869e+05 -1.304509e+05 -3.006846e+06 5.821449e+05 -9.546331e+05 -3.512498e+05 -3.633640e+06 -1.965008e+06 1.000507e+06
 1.457725e+04 -5.356196e+05 -2.118649e+04 -3.046799e+06 4.855436e+05 -9.258210e+05 -4.179632e+05 -3.889498e+06 -2.097271e+06 1.113378e+06
 1.485349e+04 -4.137120e+05 -5.865845e+04 -3.026121e+06 5.635400e+05 -9.386965e+05 -5.349623e+05 -3.903026e+06 -2.273529e+06 1.068844e+06
 -8.475758e+03 -4.956116e+05 -8.040754e+04 -2.930721e+06 7.002267e+05 -9.820352e+05 -4.364205e+05 -3.951904e+06 -2.118529e+06 1.135856e+06
 -3.481648e+04 -4.874820e+05 -2.100159e+04 -3.035572e+06 7.795087e+05 -9.848396e+05 -5.343412e+05 -4.146356e+06 -2.252180e+06 1.315175e+06
 -3.845970e+04 -4.529942e+05 -1.613362e+05 -2.979818e+06 8.043310e+05 -1.020047e+06 -4.780698e+05 -4.415645e+06 -2.354636e+06 1.418953e+06
 -1.038729e+04 -5.215872e+05 -1.019749e+05 -2.842354e+06 7.356046e+05 -1.129885e+06 -4.384060e+05 -4.359883e+06 -2.253179e+06 1.482810e+06
 -2.674279e+04 -5.351211e+05 -1.753507e+05 -2.872195e+06 6.017514e+05 -1.179230e+06 -1.936656e+05 -4.277455e+06 -2.335367e+06 1.628292e+06
 1.795667e+04 -5.515368e+05 -4.009966e+04 -3.156741e+06 6.596339e+05 -1.217239e+06 -2.022413e+05 -4.326865e+06 -2.182074e+06 1.869426e+06
 3.299526e+04 -6.231735e+05 1.495680e+04 -3.023756e+06 6.890620e+05 -1.360709e+06 -2.613773e+05 -4.212989e+06 -2.474740e+06 1.850364e+06
 6.308805e+04 -5.859435e+05 -5.270334e+04 -3.034988e+06 5.404928e+05 -1.438689e+06 -2.466330e+05 -4.171504e+06 -2.640420e+06 1.917075e+06
 6.087193e+04 -6.354930e+05 3.693889e+04 -3.025682e+06 6.450697e+05 -1.512360e+06 -3.027687e+05 -4.154051e+06 -2.807340e+06 2.045356e+06
 1.509108e+05 -6.311371e+05 3.792934e+04 -2.983057e+06 4.249170e+05 -1.415955e+06 -2.202457e+05 -4.278661e+06 -2.586114e+06 1.895094e+06
 1.450848e+05 -5.946134e+05 8.056002e+04 -2.842489e+06 3.985042e+05 -1.554163e+06 3.726174e+04 -4.173553e+06 -2.809909e+06 1.718388e+06
 2.172980e+05 -4.660828e+05 -8.977756e+04 -2.988085e+06 6.174937e+05 -1.374532e+06 -2.048354e+05 -4.238750e+06 -2.836010e+06 1.776246e+06
 2.242642e+05 -4.342744e+05 -1.442244e+05 -2.821334e+06 4.449559e+05 -1.391688e+06 -1.729537e+05 -4.158898e+06 -2.669596e+06 1.846926e+06
 2.642272e+05 -4.652339e+05 -1.289693e+05 -2.928219e+06 5.395430e+05 -1.416482e+06 -1.810125e+05 -4.231930e+06 -2.688356e+06 1.991704e+06
 2.244498e+05 -4.949457e+05 -1.027812e+05 -2.959579e+06 4.618511e+05 -1.391998e+06 -1.138231e+05 -4.194168e+06 -2.268189e+06 1.722091e+06
 2.068552e+05 -4.114764e+05 -1.907797e+05 -2.829462e+06 4.179096e+05 -1.453159e+06 -1.809864e+05 -4.110586e+06 -2.360126e+06 1.863366e+06
 3.078628e+05 -3.807339e+05 -3.261184e+05 -2.750938e+06 5.620059e+05 -1.501869e+06 -2.145707e+05 -4.408905e+06 -2.539099e+06 1.512511e+06
 1.864416e+05 -3.591471e+05 -3.127503e+05 -2.691069e+06 4.155337e+05 -1.494491e+06 -1.623220e+05 -4.463438e+06 -2.761621e+06 1.248313e+06
 1.217963e+05 -2.761081e+05 -4.495821e+05 -2.701048e+06 5.457769e+05 -1.565024e+06 -2.119051e+05 -4.478440e+06 -2.832974e+06 1.355784e+06
 1.269029e+05 -2.651863e+05 -4.645472e+05 -2.794028e+06 5.720521e+05 -1.667510e+06 -3.720758e+05 -4.360121e+06 -2.901604e+06 1.361629e+06
 1.287329e+05 -2.322824e+05 -4.127425e+05 -2.698710e+06 6.588583e+05 -1.781386e+06 -5.957776e+05 -4.509272e+06 -2.862050e+06 1.606933e+06
 -4.582056e+04 -2.035859e+05 -3.305258e+05 -2.620803e+06 6.430265e+05 -1.759756e+06 -4.289804e+05 -4.574961e+06 -2.902823e+06 1.638978e+06
 -6.019420e+04 -9.403307e+04 -1.998309e+05 -2.680242e+06 5.292822e+05 -1.679562e+06 -7.552762e+05 -4.462698e+06 -2.763439e+06 1.404076e+06
 -8.963111e+04 -7.438633e+04 -2.726693e+05 -2.616052e+06 5.927377e+05 -1.816363e+06 -7.564931e+05 -4.267351e+06 -2.666999e+06 1.463786e+06
 -1.199423e+05 -1.056516e+05 -2.609428e+05 -2.674396e+06 3.688065e+05 -1.881974e+06 -5.806618e+05 -4.173545e+06 -2.700118e+06 1.609127e+06
 -1.317381e+05 -1.819510e+05 -2.704247e+05 -2.775522e+06 4.428306e+05 -1.937805e+06 -5.095240e+05 -3.783322e+06 -3.077028e+06 1.931078e+06
 -1.836776e+05 -2.473534e+05 -2.703059e+05 -2.692721e+06 3.968352e+05 -1.847147e+06 -5.882811e+05 -3.887923e+06 -2.986360e+06 1.665244e+06
 -2.058446e+05 -2.597718e+05 -2.018972e+05 -2.789044e+06 5.555719e+05 -1.944355e+06 -7.560491e+05 -3.924643e+06 -3.040994e+06 1.746765e+06
 -1.423703e+05 -2.152472e+05 -1.539900e+05 -2.753531e+06 5.517151e+05 -1.945228e+06 -8.192921e+05 -3.859431e+06 -3.225690e+06 1.963283e+06
