 0.000000e+00
 -1.874096e+04
 -3.582808e+04
 -5.539949e+04
 -7.616912e+04
 -9.382574e+04
 -1.059024e+05
 -1.244164e+05
 -1.532878e+05
 -1.541614e+05
 -1.617200e+05
 -1.866807e+05
 -2.018899e+05
 -2.388202e+05
 -2.549146e+05
 -2.794201e+05
 -3.019354e+05
 -3.089050e+05
 -3.638397e+05
 -3.909584e+05
 -3.985358e+05
 -4.166948e+05
 -4.503940e+05
 -4.874143e+05
 -5.225161e+05
 -5.441134e+05
 -5.463790e+05
 -5.581492e+05
 -5.966692e+05
 -6.328955e+05
 -6.679628e+05
 -6.923374e+05
 -6.902475e+05
 -6.933205e+05
 -6.965038e+05
 -7.169621e+05
 -7.058209e+05
 -7.315083e+05
 -7.328377e+05
 -7.647268e+05
 -7.840997e+05
 -8.127423e+05
 -8.126433e+05
 -8.344874e+05
 -7.925369e+05
 -7.842347e+05
 -8.300229e+05
 -8.251452e+05
 -8.944587e+05
 -8.858619e+05
 -9.228611e+05
 -9.533318e+05
 -9.459302e+05
 -1.021436e+06
 -1.059609e+06
 -1.076755e+06
 -1.072267e+06
 -1.095095e+06
 -1.168834e+06
 -1.233314e+06
 -1.228326e+06
 -1.245676e+06
 -1.267285e+06
 -1.316476e+06
 -1.364975e+06
 -1.413523e+06
 -1.444826e+06
 -1.468384e+06
 -1.473886e+06
 -1.464167e+06
 -1.477796e+06
 -1.487504e+06
 -1.514309e+06
 -1.489720e+06
 -1.513111e+06
 -1.544677e+06
 -1.591294e+06
 -1.573852e+06
 -1.581209e+06
 -1.524192e+06
 -1.545599e+06
 -1.588325e+06
 -1.592906e+06
 -1.657468e+06
 -1.639091e+06
 -1.655116e+06
 -1.676925e+06
 -1.711700e+06
 -1.794651e+06
 -1.834619e+06
 -1.855727e+06
 -1.859740e+06
 -1.870307e+06
 -1.945306e+06
 -1.999272e+06
 -1.990232e+06
 -2.019995e+06
 -2.045913e+06
 -2.114770e+06
 -2.142615e+06
 -2.181544e+06
 -2.239602e+06
 -2.268942e+06
 -2.281585e+06
 -2.275608e+06
 -2.304249e+06
 -2.317558e+06
 -2.336578e+06
 -2.322536e+06
 -2.330800e+06
 -2.359148e+06
 -2.343449e+06
 -2.342022e+06
 -2.365630e+06
 -2.308454e+06
 -2.305023e+06
 -2.331389e+06
 -2.379221e+06
 -2.433372e+06
 -2.410521e+06
 -2.413614e+06
 -2.454409e+06
 -2.483187e+06
 -2.561891e+06
 -2.606920e+06
 -2.602980e+06
 -2.615768e+06
 -2.601429e+06
 -2.695629e+06
 -2.776725e+06
 -2.778550e+06
 -2.834573e+06
 -2.841352e+06
 -2.903088e+06
 -2.921582e+06
 -2.951965e+06
 -2.998145e+06
 -2.996345e+06
 -3.019658e+06
 -2.993768e+06
 -3.007559e+06
 -2.993675e+06
 -3.015746e+06
 -2.993643e+06
 -2.965517e+06
 -2.990379e+06
 -2.949069e+06
 -2.951090e+06
 -2.959241e+06
 -2.918450e+06
 -2.922342e+06
 -2.955928e+06
 -3.001007e+06
 -3.079887e+06
 -3.057875e+06
 -3.061173e+06
 -3.132067e+06
 -3.136139e+06
 -3.211731e+06
 -3.228408e+06
 -3.225603e+06
 -3.236212e+06
 -3.213085e+06
 -3.347549e+06
 -3.426930e+06
 -3.423187e+06
 -3.493308e+06
 -3.540121e+06
 -3.577089e+06
 -3.619015e+06
 -3.659291e+06
 -3.724736e+06
 -3.740778e+06
 -3.752695e+06
 -3.725192e+06
 -3.728718e+06
 -3.727993e+06
 -3.733277e+06
 -3.736949e+06
 -3.854336e+06
 -3.871961e+06
 -3.806817e+06
 -3.848023e+06
 -3.829052e+06
 -3.771855e+06
 -3.785424e+06
 -3.798683e+06
 -3.844852e+06
 -3.897650e+06
 -3.830879e+06
 -3.803330e+06
 -3.857614e+06
 -3.869953e+06
 -3.964752e+06
 -3.994810e+06
 -3.987018e+06
 -3.994368e+06
 -3.998694e+06
 -4.144983e+06
 -4.226598e+06
 -4.196733e+06
 -4.254501e+06
 -4.290934e+06
 -4.328964e+06
 -4.375295e+06
 -4.413505e+06
 -4.514563e+06
 -4.504973e+06
 -4.514572e+06
 -4.484047e+06
 -4.495939e+06
 -4.512394e+06
 -4.512196e+06
 -4.520701e+06
 -4.587990e+06
 -4.623557e+06
 -4.525053e+06
 -4.561703e+06
 -4.527613e+06
 -4.519553e+06
 -4.548116e+06
 -4.532576e+06
 -4.611404e+06
 -4.697890e+06
 -4.628379e+06
 -4.607155e+06
 -4.658046e+06
 -4.675022e+06
 -4.794044e+06
 -4.825604e+06
 -4.843290e+06
 -4.824476e+06
 -4.804549e+06
 -4.938244e+06
 -5.010523e+06
 -4.944454e+06
 -5.058706e+06
 -5.059955e+06
 -5.070054e+06
 -5.114404e+06
 -5.201401e+06
 -5.309060e+06
 -5.309077e+06
 -5.308692e+06
 -5.313497e+06
 -5.295244e+06
 -5.300892e+06
 -5.308043e+06
 -5.280532e+06
 -5.271013e+06
 -5.277934e+06
 -5.176219e+06
 -5.245284e+06
 -5.209936e+06
 -5.193674e+06
 -5.197985e+06
 -5.204973e+06
 -5.272754e+06
 -5.323100e+06
 -5.264490e+06
 -5.244957e+06
 -5.295375e+06
 -5.314734e+06
 -5.435444e+06
 -5.408822e+06
 -5.449658e+06
 -5.409679e+06
 -5.415979e+06
 -5.525673e+06
 -5.604230e+06
 -5.506793e+06
 -5.657966e+06
 -5.657283e+06
 -5.654197e+06
 -5.744198e+06
 -5.846269e+06
 -5.956090e+06
 -5.917228e+06
 -5.864294e+06
 -5.898022e+06
 -5.838721e+06
 -5.867585e+06
 -5.845140e+06
 -5.756581e+06
 -6.010230e+06
 -6.004766e+06
 -5.965981e+06
 -6.072045e+06
 -5.994351e+06
 -5.933347e+06
 -5.853708e+06
 -5.887342e+06
 -5.926110e+06
 -5.927086e+06
 -5.885000e+06
 -5.805354e+06
 -5.919461e+06
 -5.856649e+06
 -5.972010e+06
 -5.874674e+06
 -5.872036e+06
 -5.834334e+06
 -5.903064e+06
 -6.079481e+06
 -6.117085e+06
 -6.020428e+06
 -6.227807e+06
 -6.183713e+06
 -6.248308e+06
 -6.413685e+06
 -6.459608e+06
 -6.470545e+06
 -6.398135e+06
 -6.322283e+06
 -6.268283e+06
 -6.132058e+06
 -6.168119e+06
 -6.230919e+06
 -6.092902e+06
 -6.613380e+06
 -6.633158e+06
 -6.678322e+06
 -6.651473e+06
 -6.610322e+06
 -6.538034e+06
 -6.454805e+06
 -6.693395e+06
 -6.815642e+06
 -6.677225e+06
 -6.762656e+06
 -6.531139e+06
 -6.724523e+06
 -6.813632e+06
 -6.835924e+06
 -6.557883e+06
 -6.487278e+06
 -6.206734e+06
 -6.286391e+06
 -6.460037e+06
 -6.542559e+06
 -6.515131e+06
 -6.906474e+06
 -7.129248e+06
 -7.179607e+06
 -7.433995e+06
 -7.648982e+06
 -7.778760e+06
 -7.863297e+06
 -7.764280e+06
 -7.688559e+06
 -7.511006e+06
 -7.643322e+06
 -7.672900e+06
 -7.658603e+06
