 0.000000e+00 0.000000e+00 0.000000e+00 0.000000e+00 0.000000e+00 0.000000e+00 0.000000e+00 0.000000e+00 0.000000e+00 0.000000e+00
 -3.938750e+04 -2.013671e+04 -3.709634e+04 -2.087253e+04 -2.504685e+04 -2.397988e+04 -1.057294e+04 -2.232776e+03 4.424048e+03 1.884031e+04
 -6.334566e+04 -3.373172e+04 -6.239220e+04 -3.761018e+04 -3.786413e+04 -4.424078e+04 -2.261569e+04 -6.112950e+03 7.246381e+03 2.658915e+04
 -7.862921e+04 -4.648775e+04 -8.202346e+04 -5.093526e+04 -5.557764e+04 -6.596020e+04 -3.171950e+04 -5.445814e+02 4.088318e+03 3.492375e+04
 -8.506903e+04 -4.956294e+04 -9.327170e+04 -6.016532e+04 -5.713334e+04 -7.034515e+04 -3.945374e+04 -1.644988e+03 1.736898e+04 4.335935e+04
 -8.601262e+04 -4.990443e+04 -1.094193e+05 -6.238651e+04 -6.836210e+04 -7.401536e+04 -3.378819e+04 -1.169132e+03 8.506951e+03 4.347789e+04
 -8.606434e+04 -5.840907e+04 -1.182486e+05 -7.608964e+04 -7.063622e+04 -8.082315e+04 -4.143434e+04 -1.164229e+04 -4.074254e+03 3.303469e+04
 -8.898816e+04 -5.505543e+04 -1.231300e+05 -8.188414e+04 -7.333745e+04 -8.414725e+04 -4.896724e+04 -2.164729e+04 3.021864e+04 2.825533e+04
 -9.524380e+04 -6.376142e+04 -1.367893e+05 -1.015179e+05 -7.341794e+04 -1.052315e+05 -6.067240e+04 -4.588051e+04 3.282388e+04 3.408388e+04
 -9.625617e+04 -6.247529e+04 -1.314275e+05 -1.093800e+05 -6.589669e+04 -1.299361e+05 -6.383246e+04 -5.986742e+04 4.750706e+04 3.702269e+04
 -1.000892e+05 -6.201924e+04 -1.380935e+05 -9.336035e+04 -5.552159e+04 -1.352785e+05 -6.688290e+04 -7.099328e+04 4.398025e+04 3.473443e+04
 -1.033354e+05 -6.135858e+04 -1.320896e+05 -9.320788e+04 -5.614572e+04 -1.215321e+05 -5.874412e+04 -5.165353e+04 5.704739e+04 3.882577e+04
 -1.031776e+05 -6.340539e+04 -1.322252e+05 -9.882585e+04 -6.777609e+04 -1.217937e+05 -6.861175e+04 -6.861887e+04 8.339882e+04 3.931283e+04
 -1.040382e+05 -6.309951e+04 -1.337222e+05 -9.298388e+04 -7.501613e+04 -1.311254e+05 -8.135291e+04 -8.213530e+04 1.036582e+05 2.522569e+04
 -1.031993e+05 -6.505931e+04 -1.385581e+05 -8.497219e+04 -8.044282e+04 -1.439457e+05 -8.557454e+04 -7.715614e+04 9.254586e+04 4.989753e+04
 -9.786043e+04 -6.963415e+04 -1.513208e+05 -9.429648e+04 -8.174449e+04 -1.478194e+05 -1.027465e+05 -7.495164e+04 7.213652e+04 5.173662e+04
 -1.092797e+05 -6.571124e+04 -1.519054e+05 -9.884108e+04 -8.140001e+04 -1.484446e+05 -9.638398e+04 -7.590218e+04 7.631290e+04 4.870393e+04
 -1.096410e+05 -6.418522e+04 -1.397063e+05 -9.951026e+04 -8.174065e+04 -1.431414e+05 -9.047419e+04 -7.520052e+04 6.861033e+04 4.451902e+04
 -1.117267e+05 -7.400181e+04 -1.528362e+05 -1.122155e+05 -8.963728e+04 -1.321399e+05 -1.033330e+05 -7.335241e+04 9.729392e+04 4.572235e+04
 -1.048605e+05 -7.715058e+04 -1.632852e+05 -1.163101e+05 -7.431259e+04 -1.446503e+05 -1.178673e+05 -8.516281e+04 1.063636e+05 3.716298e+04
 -1.156281e+05 -8.477552e+04 -1.579044e+05 -1.174269e+05 -7.495538e+04 -1.506110e+05 -1.224713e+05 -8.765023e+04 1.040102e+05 8.391472e+04
 -1.113617e+05 -8.955344e+04 -1.756205e+05 -1.170237e+05 -6.293351e+04 -1.411840e+05 -1.042483e+05 -1.133399e+05 9.974828e+04 8.732631e+04
 -1.114612e+05 -1.042622e+05 -1.750223e+05 -1.084680e+05 -7.570160e+04 -1.650090e+05 -9.187440e+04 -1.127723e+05 1.147858e+05 9.657841e+04
 -1.195697e+05 -1.079827e+05 -1.625911e+05 -1.123946e+05 -8.713027e+04 -1.835845e+05 -8.613276e+04 -1.373809e+05 1.241794e+05 9.241489e+04
 -1.129875e+05 -1.025813e+05 -1.413452e+05 -9.594123e+04 -7.284742e+04 -1.790915e+05 -8.447315e+04 -1.202046e+05 1.271967e+05 1.009758e+05
 -1.090014e+05 -1.052338e+05 -1.588016e+05 -1.063168e+05 -7.373649e+04 -1.913095e+05 -7.930911e+04 -1.094612e+05 1.154724e+05 8.734280e+04
 -8.673167e+04 -1.080134e+05 -1.605378e+05 -1.091882e+05 -8.050775e+04 -1.804682e+05 -7.210662e+04 -9.232972e+04 1.511327e+05 8.228937e+04
 -7.977213e+04 -1.075647e+05 -1.434542e+05 -1.393695e+05 -9.861531e+04 -1.643114e+05 -9.044487e+04 -7.451510e+04 1.550992e+05 1.110450e+05
 -7.706534e+04 -1.078709e+05 -1.490062e+05 -1.178675e+05 -1.116076e+05 -1.489225e+05 -9.343378e+04 -5.925088e+04 1.639010e+05 8.217889e+04
 -8.658698e+04 -8.916162e+04 -1.508353e+05 -1.330917e+05 -1.112544e+05 -1.514842e+05 -8.896449e+04 -2.516923e+04 1.643615e+05 7.318714e+04
 -9.292866e+04 -9.898209e+04 -1.290000e+05 -1.046094e+05 -1.112900e+05 -1.734085e+05 -1.120714e+05 -5.365822e+04 1.406117e+05 2.449651e+04
 -1.006504e+05 -8.922119e+04 -1.365279e+05 -1.097131e+05 -1.037493e+05 -1.899703e+05 -1.089797e+05 -3.306197e+04 1.173298e+05 1.869208e+04
 -9.687890e+04 -9.335582e+04 -1.355930e+05 -1.088906e+05 -9.007784e+04 -2.116143e+05 -8.926728e+04 -3.717517e+04 1.325830e+05 -4.630856e+03
 -9.323187e+04 -8.533939e+04 -1.377223e+05 -9.030947e+04 -7.217403e+04 -1.864383e+05 -9.068107e+04 -6.513102e+04 1.263082e+05 1.910266e+04
 -9.676667e+04 -7.770637e+04 -1.422026e+05 -9.662230e+04 -7.709424e+04 -1.744582e+05 -8.415671e+04 -3.787299e+04 1.427593e+05 1.387059e+04
 -9.668143e+04 -8.897699e+04 -1.624699e+05 -9.212389e+04 -6.937942e+04 -1.607715e+05 -7.566602e+04 -3.243398e+04 1.445815e+05 -2.186670e+04
 -9.933588e+04 -9.397373e+04 -1.581794e+05 -6.089555e+04 -7.912321e+04 -1.530914e+05 -5.609790e+04 -7.659059e+04 1.801556e+05 2.000752e+04
 -9.171482e+04 -8.588251e+04 -1.427688e+05 -3.780346e+04 -7.831506e+04 -1.588097e+05 -6.186255e+04 -8.768267e+04 1.540070e+05 4.739719e+04
 -9.149410e+04 -8.803996e+04 -1.244534e+05 -2.629166e+04 -7.381629e+04 -1.701908e+05 -4.513010e+04 -9.142150e+04 1.709222e+05 2.104632e+04
 -1.140885e+05 -8.089941e+04 -1.348040e+05 -3.050132e+04 -7.424799e+04 -7.591078e+04 -5.738521e+04 -1.223761e+05 1.299315e+05 -8.259883e+03
 -1.129245e+05 -8.205209e+04 -1.398433e+05 -2.488757e+04 -7.111149e+04 -8.403015e+04 -3.533724e+04 -1.227045e+05 1.527621e+05 1.666806e+03
 -1.114622e+05 -9.062333e+04 -1.706079e+05 -2.991276e+04 -8.628141e+04 -4.425906e+04 -3.580271e+04 -1.607613e+05 1.375520e+05 4.279729e+04
 -9.544080e+04 -8.444321e+04 -2.005938e+05 -1.705873e+04 -1.058644e+05 -4.008598e+04 -7.210387e+04 -1.558127e+05 1.428547e+05 2.799957e+04
 -1.037131e+05 -8.472037e+04 -2.120062e+05 -2.453053e+04 -1.255973e+05 -2.795887e+04 -4.980699e+04 -1.405473e+05 1.657812e+05 3.003815e+04
 -9.559532e+04 -7.349014e+04 -2.167638e+05 -2.072071e+04 -1.036042e+05 1.572503e+04 -4.192919e+04 -1.786501e+05 2.039916e+05 5.613368e+03
 -1.034218e+05 -7.152381e+04 -2.028062e+05 -2.617237e+04 -1.043582e+05 1.994876e+04 -1.819462e+04 -1.564018e+05 1.754081e+05 -3.049810e+03
 -1.108201e+05 -6.761725e+04 -2.098246e+05 -3.474989e+03 -1.035541e+05 5.357590e+03 -1.652404e+04 -1.895796e+05 1.755842e+05 3.877957e+03
 -1.003814e+05 -7.314436e+04 -2.128803e+05 -2.124733e+04 -1.003842e+05 -2.224022e+04 -6.543917e+03 -2.172061e+05 1.941791e+05 2.760214e+04
 -7.740993e+04 -8.496479e+04 -1.958991e+05 -2.738781e+04 -8.478518e+04 -1.563287e+04 -2.933010e+03 -2.245646e+05 1.457522e+05 3.638232e+04
 -6.226129e+04 -9.951499e+04 -1.807146e+05 -3.431071e+04 -9.744184e+04 1.830761e+04 4.474065e+03 -2.669427e+05 1.512974e+05 5.284237e+04
 -7.300526e+04 -1.004111e+05 -1.715282e+05 -4.386734e+04 -1.141041e+05 4.896398e+04 9.717766e+03 -2.716063e+05 1.435958e+05 3.579787e+04
 -6.538952e+04 -1.152798e+05 -1.806380e+05 -4.134242e+04 -8.957841e+04 2.660481e+04 1.610632e+04 -2.603304e+05 1.575383e+05 3.909691e+04
 -7.393758e+04 -1.255485e+05 -1.837149e+05 -3.362427e+04 -6.848279e+04 9.250853e+03 6.113726e+04 -2.811100e+05 1.901169e+05 4.786130e+04
 -7.675749e+04 -1.245927e+05 -2.055894e+05 -2.962634e+04 -9.239901e+04 -2.212482e+04 1.047177e+05 -2.340096e+05 1.434498e+05 9.532697e+03
 -5.283411e+04 -1.363829e+05 -2.071487e+05 -3.863316e+04 -9.817435e+04 -4.341536e+04 1.211024e+05 -2.494579e+05 1.565164e+05 1.386322e+04
 -6.214960e+04 -1.279870e+05 -1.832990e+05 -6.393616e+04 -1.059863e+05 -1.838623e+04 7.866109e+04 -2.277369e+05 1.666109e+05 1.958156e+04
 -5.815304e+04 -1.181276e+05 -1.463418e+05 -8.688984e+04 -1.121154e+05 5.321098e+04 7.994161e+04 -2.032345e+05 1.051508e+05 1.907232e+04
 -5.402542e+04 -1.116889e+05 -1.390595e+05 -7.366256e+04 -9.551614e+04 4.502842e+04 4.580838e+04 -1.997614e+05 1.789384e+05 1.965211e+04
 -6.605124e+04 -1.078725e+05 -1.503140e+05 -8.415867e+04 -8.694772e+04 -4.042724e+04 2.025799e+04 -1.742045e+05 1.977944e+05 2.957398e+04
 -6.371241e+04 -9.791359e+04 -1.549462e+05 -1.079261e+05 -5.606399e+04 2.420049e+04 1.706182e+04 -2.075366e+05 1.989307e+05 -1.169234e+03
 -6.470561e+04 -1.000989e+05 -1.664464e+05 -7.885296e+04 -6.851893e+04 4.784236e+04 2.053600e+04 -2.033204e+05 2.563707e+05 -2.926424e+04
 -6.244095e+04 -1.164709e+05 -1.665044e+05 -8.199761e+04 -7.589126e+04 5.921285e+04 -2.901589e+04 -1.408076e+05 2.775767e+05 -3.838047e+04
 -7.104342e+04 -1.160064e+05 -1.486870e+05 -9.103616e+04 -7.542857e+04 4.818998e+04 -7.769323e+02 -1.414877e+05 2.616594e+05 7.602682e+03
 -8.733412e+04 -1.276258e+05 -1.487086e+05 -9.019809e+04 -7.254472e+04 5.198987e+04 -6.616068e+04 -1.175066e+05 2.929038e+05 -2.142532e+04
 -1.033519e+05 -1.120328e+05 -1.789022e+05 -5.838961e+04 -4.987361e+04 6.044993e+04 -1.100269e+05 -1.090726e+05 3.472444e+05 -4.350168e+04
 -9.244761e+04 -1.220908e+05 -1.840563e+05 -4.753073e+04 -9.689945e+04 8.351249e+04 -1.172041e+05 -1.266944e+05 3.094634e+05 -5.467458e+04
 -8.920273e+04 -1.199388e+05 -1.694796e+05 -3.033280e+04 -1.024169e+05 1.250835e+05 -8.040706e+04 -1.596472e+05 2.745724e+05 -6.994985e+04
 -7.937703e+04 -9.569716e+04 -1.519537e+05 1.609002e+03 -1.038678e+05 8.899704e+04 -1.289575e+05 -1.748269e+05 3.508630e+05 -9.760226e+04
 -8.221822e+04 -1.106980e+05 -1.644420e+05 9.352676e+03 -9.759341e+04 1.209641e+05 -1.526170e+05 -1.689908e+05 4.135120e+05 -5.183654e+04
 -8.734563e+04 -1.076315e+05 -1.909752e+05 1.863286e+04 -7.431038e+04 1.287869e+05 -1.159213e+05 -1.948558e+05 4.270818e+05 -6.799104e+04
 -8.225997e+04 -1.116520e+05 -2.108666e+05 3.630366e+04 -9.502977e+04 8.397963e+04 -1.183758e+05 -2.661930e+05 3.950457e+05 -3.190836e+03
 -8.241848e+04 -1.203958e+05 -2.304301e+05 6.789508e+04 -1.109745e+05 1.385231e+05 -1.430945e+05 -2.168452e+05 4.025095e+05 9.273805e+02
 -8.565774e+04 -1.177003e+05 -2.312562e+05 5.796374e+04 -1.601081e+05 1.992403e+05 -1.871012e+05 -2.500000e+05 3.938556e+05 -7.864703e+03
 -7.556013e+04 -1.327733e+05 -1.877567e+05 6.807292e+04 -1.497057e+05 1.881530e+05 -2.405244e+05 -2.206535e+05 3.899288e+05 -5.015267e+04
 -3.121723e+04 -8.840252e+04 -1.678417e+05 1.324974e+05 -1.264729e+05 1.925734e+05 -2.445186e+05 -1.926259e+05 3.772267e+05 -5.931918e+04
 -2.587235e+04 -7.022278e+04 -1.681933e+05 1.534084e+05 -1.342403e+05 1.750531e+05 -2.241432e+05 -1.436437e+05 3.277917e+05 -6.339525e+04
 -4.174301e+04 -6.219861e+04 -1.845210e+05 1.853993e+05 -1.380748e+05 1.483611e+05 -2.338238e+05 -9.776939e+04 2.946820e+05 -1.194666e+04
 -5.139311e+04 -6.763564e+04 -1.987027e+05 1.692431e+05 -1.315708e+05 1.538292e+05 -2.225530e+05 -1.143618e+05 3.243632e+05 -1.889300e+04
 -3.161007e+04 -9.672950e+04 -1.886146e+05 1.594026e+05 -1.116155e+05 1.229470e+05 -2.778198e+05 -1.098929e+05 3.367361e+05 -1.196485e+03
 -3.720425e+04 -1.041620e+05 -1.771112e+05 1.635971e+05 -1.145547e+05 2.183498e+05 -2.692365e+05 -1.142391e+05 3.328074e+05 5.203281e+04
 -3.094387e+04 -9.821632e+04 -2.008108e+05 1.327820e+05 -1.651283e+05 2.504806e+05 -3.038849e+05 -7.641682e+04 2.992211e+05 1.409516e+05
 -3.489158e+04 -8.710225e+04 -2.046668e+05 9.580202e+04 -1.745611e+05 2.224510e+05 -3.356099e+05 -9.748188e+04 3.325761e+05 1.763687e+05
 -2.216399e+04 -8.411382e+04 -2.086416e+05 1.066914e+05 -1.930113e+05 2.429028e+05 -3.738903e+05 -1.307840e+05 3.104171e+05 1.943655e+05
 -3.092926e+04 -8.755187e+04 -1.950728e+05 1.358732e+05 -1.976669e+05 2.745584e+05 -3.452790e+05 -1.610279e+05 2.992868e+05 2.174373e+05
 -1.189800e+04 -1.094509e+05 -1.688250e+05 1.449697e+05 -1.838445e+05 2.453931e+05 -3.540456e+05 -1.056362e+05 3.190241e+05 2.234108e+05
 1.105642e+04 -1.082676e+05 -9.101464e+04 1.472452e+05 -1.791345e+05 2.364365e+05 -2.970571e+05 -1.311423e+05 3.071975e+05 2.131387e+05
 1.332108e+04 -1.071862e+05 -8.511515e+04 1.703684e+05 -1.827529e+05 2.110455e+05 -2.871290e+05 -1.136571e+05 2.757662e+05 1.369656e+05
 1.106418e+04 -1.084561e+05 -1.060243e+05 1.968005e+05 -1.940609e+05 1.839572e+05 -2.801568e+05 -1.442338e+05 2.865146e+05 1.476544e+05
 1.008684e+04 -1.128950e+05 -1.282545e+05 2.120027e+05 -2.535280e+05 1.712179e+05 -2.696158e+05 -1.176885e+05 2.622277e+05 1.326183e+05
 2.477475e+04 -1.029829e+05 -1.508665e+05 2.199260e+05 -2.221210e+05 1.341355e+05 -2.501010e+05 -1.123480e+05 1.924548e+05 1.272233e+05
 3.469536e+04 -9.870799e+04 -1.351489e+05 2.510127e+05 -2.170492e+05 1.732415e+05 -2.777674e+05 -1.208600e+05 1.501491e+05 1.377179e+05
 2.698329e+04 -8.537183e+04 -1.304349e+05 2.897583e+05 -2.172489e+05 1.635702e+05 -2.545778e+05 -1.710523e+05 1.973309e+05 2.055911e+05
 -7.981762e+03 -7.306973e+04 -1.491492e+05 2.750703e+05 -2.020154e+05 1.462979e+05 -2.198556e+05 -1.154496e+05 2.166908e+05 2.080743e+05
 1.210446e+04 -5.605215e+04 -1.282871e+05 2.881392e+05 -1.478576e+05 1.610611e+05 -2.437182e+05 -1.193422e+05 2.110890e+05 2.150958e+05
 2.771720e+04 -6.457132e+04 -1.624369e+05 2.168113e+05 -1.581147e+05 1.182845e+05 -2.500678e+05 -1.210441e+05 1.697336e+05 2.706576e+05
 -1.631062e+03 -8.602115e+04 -1.458543e+05 2.107603e+05 -1.466402e+05 1.240734e+05 -2.627493e+05 -8.215982e+04 1.726697e+05 1.683605e+05
 -2.542574e+04 -1.109542e+05 -1.303161e+05 2.765106e+05 -1.378247e+05 1.015660e+05 -1.879247e+05 -3.932479e+04 1.116171e+05 2.645541e+05
 -2.347525e+04 -9.187465e+04 -1.075099e+05 2.328465e+05 -1.379260e+05 6.030825e+04 -1.644271e+05 9.200762e+03 1.305979e+05 2.334942e+05
 -2.230437e+03 -9.403896e+04 -1.096385e+05 2.623458e+05 -1.828907e+05 -6.142842e+03 -1.854145e+05 -1.482095e+04 9.687627e+04 2.638210e+05
 -1.093091e+04 -1.080974e+05 -1.104740e+05 2.461920e+05 -2.097711e+05 8.260542e+03 -1.098182e+05 -3.778519e+04 1.420485e+05 2.078082e+05
 4.071782e+04 -9.580213e+04 -1.490338e+05 2.481973e+05 -2.802135e+05 1.183548e+04 -1.299525e+05 -4.028624e+04 1.651608e+05 1.847488e+05
 1.663925e+04 -8.845495e+04 -2.125922e+05 2.425626e+05 -2.498671e+05 -5.600413e+03 -1.101961e+05 -4.532593e+04 5.233429e+04 1.948496e+05
 -2.036019e+03 -7.694443e+04 -2.330342e+05 2.528179e+05 -2.251602e+05 -2.077091e+04 -9.937027e+04 -9.015877e+04 3.440482e+04 2.157256e+05
 -7.818314e+03 -7.696904e+04 -2.363862e+05 2.179856e+05 -1.927785e+05 -3.058911e+04 -1.111781e+05 -7.809354e+04 5.892476e+04 1.947956e+05
 1.269501e+03 -9.646161e+04 -2.013363e+05 1.907140e+05 -1.637582e+05 -4.367510e+04 -1.393818e+05 -6.101316e+04 -3.060987e+04 2.530639e+05
 -1.274458e+03 -1.251833e+05 -2.092095e+05 2.385303e+05 -1.722286e+05 -4.262576e+04 -9.610999e+04 -1.043616e+05 -4.515143e+04 1.575463e+05
 -1.547114e+03 -1.071836e+05 -2.502284e+05 2.436029e+05 -1.750830e+05 -5.144655e+04 -4.001448e+04 -2.179485e+04 -3.683657e+04 1.332380e+05
 -2.395547e+04 -1.153854e+05 -2.707336e+05 2.315375e+05 -1.237253e+05 -3.614091e+04 1.644686e+04 -2.466596e+04 1.208452e+04 1.162872e+05
 3.480974e+03 -9.631423e+04 -2.383651e+05 2.588434e+05 -1.255445e+05 -7.540818e+04 -2.066656e+04 -4.273835e+04 -1.136641e+04 1.475803e+05
 3.375574e+04 -3.744349e+04 -2.036156e+05 3.026882e+05 -1.507854e+04 -4.757665e+04 -1.367865e+05 -1.093662e+04 -6.378182e+03 1.217859e+05
 5.578730e+04 -1.834334e+04 -1.808684e+05 3.020886e+05 1.036003e+04 -4.401101e+04 -1.050427e+05 -1.187555e+04 -2.617757e+04 1.107655e+05
 4.140938e+04 -3.157612e+04 -1.944930e+05 3.031741e+05 1.857906e+04 -7.117762e+04 -7.445529e+04 7.676909e+04 1.116069e+04 1.153460e+05
 2.734762e+04 -5.943555e+04 -1.941338e+05 2.549055e+05 1.120971e+04 -2.640670e+04 -1.036866e+05 2.776334e+04 4.592765e+04 4.788611e+04
 6.437870e+04 -5.810790e+04 -2.165312e+05 2.602320e+05 8.823320e+03 -5.993126e+04 -7.632916e+04 2.887711e+04 7.014885e+04 -5.472822e+04
 6.704737e+04 -3.761503e+04 -2.120215e+05 1.837766e+05 3.125754e+04 -4.753131e+04 -5.559703e+04 1.285099e+05 1.433567e+05 -1.042207e+05
 6.910381e+04 -3.693437e+04 -2.317481e+05 2.046016e+05 7.722338e+03 -3.725831e+04 -9.391309e+04 1.291035e+05 2.642921e+04 -4.622702e+03
 7.035157e+04 -4.614205e+04 -2.241201e+05 2.207604e+05 7.886893e+04 -3.131165e+04 -4.348547e+04 1.363019e+05 6.619943e+04 8.812551e+03
 5.869518e+04 -2.365492e+04 -2.178643e+05 2.077586e+05 5.378260e+04 -3.110679e+04 -3.348123e+04 6.450813e+04 4.901991e+04 6.248224e+04
 9.213505e+04 -3.960779e+04 -2.366812e+05 1.874720e+05 8.021158e+04 -1.198771e+05 -1.298992e+04 1.457797e+05 1.267645e+05 9.366925e+04
 8.573599e+04 -3.988560e+04 -1.835566e+05 1.561646e+05 8.296226e+04 -1.475927e+05 -6.594600e+04 1.858156e+05 9.684077e+04 1.516073e+05
 8.779740e+04 -4.978388e+04 -2.152067e+05 1.818688e+05 2.160521e+04 -9.701733e+04 -2.507265e+04 2.783650e+05 1.225459e+05 2.023392e+05
 1.032103e+05 -5.531786e+04 -2.026699e+05 2.010664e+05 5.008805e+04 -9.554846e+04 -2.523979e+04 2.599421e+05 1.492418e+05 2.726785e+05
 1.138625e+05 -5.265395e+04 -2.547087e+05 1.974727e+05 1.044419e+05 -8.243141e+04 2.973956e+04 3.367255e+05 4.625389e+04 2.342287e+05
 1.030806e+05 -9.782247e+04 -2.318776e+05 2.131614e+05 8.869477e+04 -3.283061e+04 3.639293e+04 2.908308e+05 -4.321235e+04 2.343725e+05
 1.206470e+05 -6.801840e+04 -2.498321e+05 1.600718e+05 4.870915e+04 -1.053183e+05 3.765322e+04 2.909773e+05 1.989127e+04 2.982412e+05
 1.285957e+05 -7.083643e+04 -2.731095e+05 2.045662e+05 6.053284e+04 -1.352621e+05 8.804557e+04 2.877277e+05 8.282595e+04 2.417913e+05
 1.110474e+05 -4.920551e+04 -2.844495e+05 2.117058e+05 6.414935e+04 -1.168221e+05 9.346767e+04 2.788615e+05 5.894515e+04 2.578914e+05
 1.146027e+05 -5.527790e+04 -2.973778e+05 2.766641e+05 6.016619e+04 -2.239205e+05 1.427344e+05 3.104108e+05 1.933005e+05 2.303197e+05
 1.164077e+05 -3.943086e+04 -3.429247e+05 2.390554e+05 6.042615e+04 -1.993492e+05 1.044210e+05 3.105711e+05 2.413114e+05 2.009190e+05
 9.379303e+04 -5.040323e+04 -3.703357e+05 2.606251e+05 8.043471e+04 -1.752730e+05 1.077738e+05 3.823319e+05 2.262110e+05 2.215362e+05
 1.064987e+05 -3.780431e+04 -3.729470e+05 2.675412e+05 9.457504e+04 -2.453419e+05 1.739088e+05 4.415056e+05 2.238765e+05 1.484162e+05
 9.046930e+04 -3.073917e+04 -3.632132e+05 2.228362e+05 1.073880e+05 -3.522658e+05 1.652965e+05 4.157054e+05 2.224212e+05 1.017934e+05
 1.166742e+05 -2.530665e+04 -3.168388e+05 2.136871e+05 9.478158e+04 -3.675225e+05 1.878860e+05 4.682931e+05 2.929593e+05 1.357088e+05
 1.326837e+05 -9.029733e+03 -3.171912e+05 2.386704e+05 1.524937e+05 -4.025877e+05 1.206043e+05 4.963039e+05 2.279091e+05 1.618722e+05
 1.303505e+05 5.971590e+03 -3.626701e+05 2.247874e+05 1.665136e+05 -3.983152e+05 2.124818e+05 3.890158e+05 2.127004e+05 6.823328e+04
 1.550611e+05 2.536255e+04 -3.930181e+05 2.078749e+05 1.846221e+05 -4.527252e+05 1.992396e+05 4.444639e+05 2.187471e+05 2.365882e+04
 1.667179e+05 -1.523279e+03 -3.857739e+05 2.754924e+05 2.279742e+05 -5.502267e+05 9.377134e+04 4.295340e+05 2.892636e+05 3.175036e+04
 1.630717e+05 7.905438e+03 -4.497945e+05 2.500875e+05 2.827857e+05 -4.863245e+05 8.332129e+04 3.568312e+05 2.542110e+05 1.797189e+04
 1.583689e+05 3.081162e+04 -4.602630e+05 2.229325e+05 2.656842e+05 -5.139043e+05 7.563215e+04 3.625296e+05 2.160556e+05 1.558256e+04
 1.418887e+05 5.380624e+04 -4.348785e+05 2.461887e+05 2.254224e+05 -5.124377e+05 8.969049e+04 4.261503e+05 2.356641e+05 2.941544e+04
 1.365753e+05 5.780673e+04 -4.624334e+05 2.896469e+05 2.555650e+05 -5.882798e+05 7.985392e+04 5.095382e+05 2.599575e+05 -2.999945e+04
 1.510386e+05 9.163419e+04 -4.841360e+05 2.947465e+05 2.718871e+05 -6.112388e+05 6.032116e+04 5.271357e+05 2.946253e+05 5.262160e+04
 1.423183e+05 1.353724e+05 -5.029270e+05 2.809896e+05 2.628074e+05 -6.375878e+05 6.571485e+04 5.134456e+05 3.616868e+05 6.755074e+04
 1.586175e+05 1.651002e+05 -4.815291e+05 2.396796e+05 2.473790e+05 -6.781529e+05 9.496712e+04 5.557673e+05 4.424575e+05 2.727722e+04
 2.120426e+05 6.215384e+04 -5.558891e+05 3.933342e+05 3.077444e+05 -3.503793e+05 9.876580e+04 5.062810e+05 6.452747e+05 -6.379151e+04
 1.783934e+05 8.096197e+04 -5.401675e+05 4.317373e+05 2.177966e+05 -3.867978e+05 1.186390e+05 4.827396e+05 7.503643e+05 -1.634388e+05
 2.392047e+05 9.092566e+04 -5.147591e+05 4.585735e+05 2.018379e+05 -4.445473e+05 6.407515e+04 4.350177e+05 7.911995e+05 -1.310320e+04
 1.845249e+05 9.267624e+04 -5.266553e+05 4.066510e+05 2.159932e+05 -4.078487e+05 2.831312e+04 3.208900e+05 9.660715e+05 2.608342e+04
 2.114333e+05 8.645635e+04 -5.199411e+05 4.126004e+05 2.543178e+05 -3.671782e+05 2.445795e+04 2.127607e+05 1.059062e+06 9.655909e+04
 2.088786e+05 8.039848e+04 -5.214382e+05 4.123564e+05 1.951870e+05 -2.019861e+05 1.021681e+05 2.505170e+05 9.799056e+05 1.354004e+05
 2.246429e+05 9.047589e+04 -5.362074e+05 3.504709e+05 1.611423e+05 -2.282906e+05 1.066764e+05 1.884686e+05 9.994260e+05 2.582686e+05
 2.409494e+05 6.740529e+04 -5.422230e+05 3.326338e+05 1.773225e+05 -1.746623e+05 1.348053e+05 3.066659e+05 9.183702e+05 2.321537e+05
 2.369198e+05 7.829574e+04 -5.388097e+05 3.458923e+05 2.035681e+05 -2.010809e+05 1.407621e+05 2.915447e+05 9.782516e+05 3.482556e+05
 2.107088e+05 7.453020e+04 -5.436722e+05 3.024377e+05 1.862335e+05 -2.096313e+05 2.246029e+05 2.310227e+05 9.480787e+05 3.791992e+05
 2.371421e+05 7.248799e+04 -5.196217e+05 3.380847e+05 2.534183e+05 -2.706762e+05 3.579359e+05 2.198689e+05 1.011322e+06 3.175369e+05
 2.171980e+05 8.033417e+04 -5.053972e+05 2.593241e+05 2.318996e+05 -1.325540e+05 4.583055e+05 1.935837e+05 9.425793e+05 3.318856e+05
 2.167686e+05 5.291493e+04 -5.240695e+05 2.625791e+05 1.921578e+05 -1.188476e+05 3.953082e+05 1.518219e+05 1.122952e+06 2.611656e+05
 2.095702e+05 5.620156e+04 -5.427210e+05 2.588154e+05 2.027912e+05 -8.195040e+04 4.728293e+05 1.306048e+05 1.027491e+06 2.246132e+05
 2.347255e+05 7.458303e+04 -6.044155e+05 2.967585e+05 2.536000e+05 -8.867592e+04 4.869389e+05 2.702759e+04 1.177344e+06 1.360811e+05
 2.663390e+05 9.174525e+04 -6.423755e+05 2.928336e+05 2.177674e+05 -1.340166e+05 5.252026e+05 -7.547170e+04 1.195759e+06 1.443724e+05
 2.168062e+05 8.691421e+04 -6.025874e+05 2.689910e+05 2.506412e+05 -1.382713e+05 5.962661e+05 -1.700744e+05 1.237834e+06 1.436098e+05
 2.104194e+05 7.373175e+04 -6.417622e+05 2.287071e+05 2.543331e+05 -1.295466e+05 6.370559e+05 -1.640168e+05 1.225439e+06 1.694578e+05
 1.995739e+05 8.403582e+04 -5.979026e+05 2.459059e+05 2.828789e+05 -7.415309e+04 7.560207e+05 -1.790409e+05 1.306590e+06 9.954881e+04
 2.017707e+05 9.038411e+04 -6.010668e+05 2.450511e+05 2.567114e+05 -1.419862e+05 6.776950e+05 -1.558165e+05 1.198033e+06 -1.171644e+04
 1.914995e+05 9.779451e+04 -5.783439e+05 3.142773e+05 1.717675e+05 -8.051183e+04 7.069456e+05 -1.130879e+05 1.172873e+06 -3.603257e+04
 2.020519e+05 6.023499e+04 -6.190381e+05 2.776617e+05 2.134408e+05 -1.966881e+04 7.720625e+05 -1.319427e+05 1.213537e+06 -7.651238e+04
 1.702603e+05 3.160998e+04 -6.215606e+05 2.949460e+05 2.050644e+05 -9.174681e+04 7.543341e+05 -8.496183e+04 1.126541e+06 2.485085e+04
 1.669514e+05 1.854704e+04 -5.966493e+05 2.929879e+05 1.471261e+05 -4.281737e+04 7.633485e+05 -3.411007e+04 1.150612e+06 6.354330e+04
 2.087885e+05 -9.982596e+03 -5.786545e+05 2.879466e+05 1.783036e+05 -8.580095e+04 7.475330e+05 -1.605827e+05 1.201073e+06 5.840223e+04
 2.137781e+05 -4.180102e+04 -6.106430e+05 2.594160e+05 1.350923e+05 -7.044375e+04 6.323782e+05 -1.909318e+05 1.207409e+06 1.223263e+05
 2.238414e+05 -3.337901e+04 -5.825492e+05 2.379740e+05 1.212360e+05 -4.650339e+04 6.204021e+05 -1.601373e+05 1.172607e+06 2.464263e+04
 2.276835e+05 -2.700637e+04 -5.615376e+05 2.463332e+05 8.717435e+04 -1.964175e+04 5.547618e+05 -3.738055e+04 1.087374e+06 1.579355e+05
 2.286268e+05 -5.376503e+04 -5.194234e+05 2.218515e+05 4.098666e+04 -5.009560e+04 6.051425e+05 -2.735065e+04 1.017509e+06 1.076195e+05
 2.301243e+05 -4.945273e+04 -5.269610e+05 2.604095e+05 2.948167e+04 -5.035024e+04 6.348271e+05 -1.412086e+05 9.015569e+05 1.995299e+05
 2.016594e+05 -3.512016e+04 -5.089049e+05 1.917225e+05 1.159837e+05 2.863287e+04 5.926865e+05 -9.214178e+04 9.188646e+05 2.543680e+05
 1.646339e+05 -4.312229e+03 -4.632537e+05 1.498859e+05 4.895149e+04 2.841291e+04 6.347662e+05 -4.418596e+04 1.107197e+06 1.081480e+05
 1.430971e+05 6.630230e+03 -5.059118e+05 1.671696e+05 3.881963e+04 1.845353e+05 5.936315e+05 1.210643e+05 1.189479e+06 9.339459e+04
 1.574768e+05 9.275486e+03 -4.747743e+05 1.449204e+05 8.171479e+04 1.573149e+05 6.930963e+05 9.930382e+04 1.164539e+06 1.231381e+05
 1.606904e+05 4.046532e+04 -5.036625e+05 1.706289e+05 1.451569e+05 1.432259e+05 6.418687e+05 1.640204e+05 1.176281e+06 1.312302e+05
 2.860073e+05 2.833904e+04 -7.207093e+05 7.811476e+04 -1.768912e+04 -9.870054e+03 7.326473e+05 6.296409e+05 1.615009e+06 1.645523e+05
 2.684270e+05 2.857402e+03 -7.462597e+05 6.914683e+04 -1.222282e+04 1.114404e+04 8.246957e+05 6.910617e+05 1.590947e+06 2.421512e+05
 2.686522e+05 1.958566e+04 -7.304060e+05 4.369729e+04 3.336941e+04 5.914974e+04 8.604629e+05 7.196196e+05 1.636871e+06 2.032349e+05
 2.613429e+05 2.250629e+04 -8.145510e+05 2.530643e+04 6.110489e+03 6.433834e+04 8.060062e+05 7.129192e+05 1.556992e+06 2.568512e+05
 2.701442e+05 -4.954528e+03 -8.262303e+05 6.537104e+03 -2.383651e+04 -6.982595e+03 8.421309e+05 8.723148e+05 1.423175e+06 1.856139e+05
 2.663936e+05 -2.081768e+04 -8.362440e+05 1.058217e+05 -5.200784e+04 7.254244e+04 8.732754e+05 8.734831e+05 1.400542e+06 2.035389e+05
 2.153485e+05 -2.549480e+04 -7.986220e+05 1.731569e+05 -6.469622e+04 2.048186e+05 8.406425e+05 8.751088e+05 1.501220e+06 2.075625e+05
 1.998881e+05 -9.127827e+03 -7.328586e+05 1.592925e+05 -2.644249e+04 2.333574e+05 8.740824e+05 9.046133e+05 1.524845e+06 1.293756e+05
 2.291718e+05 6.672409e+03 -7.533641e+05 1.703874e+05 -8.119895e+03 2.719168e+05 8.754120e+05 9.873037e+05 1.455936e+06 -5.236626e+04
 2.185137e+05 1.476355e+03 -7.371497e+05 1.693576e+05 -7.394281e+04 2.737474e+05 9.296821e+05 1.015353e+06 1.433139e+06 -1.009329e+05
 1.952835e+05 2.144313e+04 -7.606674e+05 1.600861e+05 -3.576454e+04 2.684125e+05 9.350586e+05 1.037798e+06 1.433935e+06 -3.146935e+04
 2.020238e+05 5.190330e+03 -7.765445e+05 1.672900e+05 -9.202257e+04 2.667321e+05 9.615089e+05 9.933779e+05 1.305846e+06 4.599355e+04
 1.687873e+05 1.421063e+03 -7.284824e+05 1.110616e+05 -3.686224e+04 2.685085e+05 9.815587e+05 1.037147e+06 1.288494e+06 7.250312e+04
 1.808731e+05 -1.216232e+04 -7.329611e+05 1.105992e+05 -7.733907e+04 2.504274e+05 9.461423e+05 9.205839e+05 1.285246e+06 1.156541e+05
 2.129037e+05 8.237535e+03 -7.835963e+05 1.349021e+05 -5.090237e+04 1.916947e+05 9.669738e+05 8.706065e+05 1.300395e+06 1.943043e+05
 1.886074e+05 -7.643807e+03 -6.872240e+05 1.164412e+05 -1.198462e+05 1.646980e+05 8.995515e+05 8.025671e+05 1.330823e+06 2.830649e+05
 1.516807e+05 2.424550e+04 -7.524425e+05 1.963787e+05 -2.263999e+05 8.000724e+04 9.184878e+05 8.690239e+05 1.239463e+06 3.361159e+05
 1.416128e+05 4.604670e+04 -8.044749e+05 2.245367e+05 -1.743452e+05 1.614883e+05 9.645232e+05 8.968268e+05 1.243499e+06 2.317119e+05
 1.117711e+05 4.510721e+04 -8.256836e+05 2.284416e+05 -1.326517e+05 1.115154e+05 1.019608e+06 9.702634e+05 1.295592e+06 2.246398e+05
 1.202365e+05 4.945803e+04 -8.218773e+05 2.149777e+05 -1.606151e+05 1.653543e+05 9.609958e+05 8.256876e+05 1.161116e+06 1.984711e+05
 8.948295e+04 4.158964e+04 -7.987288e+05 2.624480e+05 -1.411893e+05 1.207466e+05 8.612912e+05 6.694645e+05 1.166671e+06 2.387084e+05
 1.188056e+05 5.195277e+03 -7.908341e+05 2.457068e+05 -1.406322e+05 1.118346e+05 9.471205e+05 5.776508e+05 1.124759e+06 3.955708e+05
 1.046760e+05 7.220310e+03 -8.588797e+05 1.865933e+05 -1.744566e+05 1.228781e+05 1.008628e+06 6.594937e+05 1.022746e+06 3.963138e+05
 7.665596e+04 -2.211306e+04 -8.622203e+05 2.726647e+05 -1.103083e+05 1.170579e+05 1.015163e+06 6.561964e+05 9.380402e+05 5.079466e+05
 4.929034e+04 -3.244451e+04 -8.343063e+05 2.865292e+05 -1.285309e+05 1.923932e+05 1.030955e+06 6.945047e+05 9.363959e+05 3.535612e+05
 -2.040435e+04 -4.688365e+04 -8.985250e+05 3.014003e+05 -6.869263e+04 2.419677e+05 1.081527e+06 6.514400e+05 8.010501e+05 2.920497e+05
 -4.630398e+04 -1.303239e+04 -8.664608e+05 2.899184e+05 -1.031339e+05 2.585601e+05 1.036106e+06 6.526080e+05 8.516158e+05 3.206396e+05
 -4.539434e+04 -1.774841e+04 -9.000613e+05 3.173275e+05 -1.255718e+05 1.716018e+05 1.018082e+06 5.096016e+05 9.505655e+05 1.578380e+05
 -5.141857e+04 -8.570774e+03 -9.548357e+05 3.611147e+05 -1.603162e+05 1.210286e+05 9.939559e+05 7.056607e+05 1.012039e+06 1.780429e+05
 -8.009689e+04 -4.900703e+04 -9.302496e+05 3.956613e+05 -1.700988e+05 3.368393e+04 1.008505e+06 6.887720e+05 1.018795e+06 2.012862e+05
 -5.721223e+04 -7.587145e+04 -9.459856e+05 4.794524e+05 -1.668303e+05 1.691827e+05 1.059874e+06 6.393294e+05 1.139442e+06 5.794423e+04
 -7.099763e+04 -1.234510e+05 -9.680269e+05 4.176658e+05 -1.984529e+05 1.215520e+05 1.070600e+06 5.904789e+05 1.067677e+06 1.989469e+04
 -4.848836e+03 -8.213120e+04 -1.002476e+06 4.187819e+05 -2.393749e+05 9.321003e+04 1.086619e+06 5.701412e+05 1.123274e+06 1.995307e+05
 -4.405217e+04 -7.990126e+04 -9.594377e+05 4.081792e+05 -2.273817e+05 1.321315e+05 1.012596e+06 4.714161e+05 1.087263e+06 1.754129e+05
 -2.939353e+04 -7.294643e+04 -1.036316e+06 4.661558e+05 -1.839074e+05 1.736445e+05 9.999953e+05 4.074121e+05 1.145842e+06 3.385136e+04
 5.584451e+04 -5.215572e+04 -6.397735e+05 6.009088e+05 -8.445669e+04 4.354877e+05 1.041029e+06 6.203924e+05 7.308931e+05 7.956694e+05
 1.192771e+05 -5.189346e+04 -6.298312e+05 5.634024e+05 -1.636196e+05 4.469639e+05 8.598063e+05 7.658074e+05 6.712301e+05 9.765778e+05
 1.500240e+05 -5.315211e+04 -6.972551e+05 5.822334e+05 -9.626341e+04 4.905279e+05 9.128281e+05 8.553292e+05 6.954159e+05 8.941759e+05
 1.572384e+05 -6.655460e+04 -6.693444e+05 5.452336e+05 -2.412524e+04 4.657597e+05 9.800124e+05 8.880944e+05 6.087616e+05 7.268522e+05
 2.005909e+05 -3.228076e+04 -6.597576e+05 5.755818e+05 6.400119e+04 4.346321e+05 1.066188e+06 8.844941e+05 6.821631e+05 8.227530e+05
 1.846424e+05 -4.475457e+04 -6.027936e+05 5.664415e+05 -2.343681e+04 3.854830e+05 1.001289e+06 8.149486e+05 7.285278e+05 8.214520e+05
 1.584484e+05 -7.304890e+04 -5.650987e+05 5.642345e+05 -3.787688e+04 3.938485e+05 1.045600e+06 8.307803e+05 7.732892e+05 6.950072e+05
 1.610192e+05 -6.114188e+04 -6.022016e+05 5.808301e+05 5.684557e+04 4.187683e+05 9.774865e+05 9.813070e+05 7.930969e+05 5.973501e+05
 1.543518e+05 -5.805782e+04 -4.823920e+05 5.941028e+05 -5.586699e+04 4.926680e+05 9.589490e+05 1.008784e+06 8.496919e+05 7.331420e+05
 1.627651e+05 -1.243988e+05 -5.016523e+05 6.425863e+05 1.250839e+04 5.436571e+05 1.015955e+06 1.098361e+06 7.098011e+05 7.422347e+05
 1.086642e+05 -1.613497e+05 -4.433544e+05 6.934950e+05 5.088992e+03 5.648538e+05 1.068453e+06 1.181097e+06 8.200685e+05 8.502502e+05
 1.047165e+05 -2.205616e+05 -4.726717e+05 7.477255e+05 -4.678362e+04 6.255811e+05 1.024358e+06 1.257475e+06 6.677368e+05 9.303197e+05
 1.378915e+05 -2.452290e+05 -4.436769e+05 8.033413e+05 4.689142e+04 5.038268e+05 1.002888e+06 1.329416e+06 6.976548e+05 8.238819e+05
 2.026858e+05 -2.261279e+05 -5.826596e+05 8.287354e+05 5.094093e+04 3.524593e+05 9.229526e+05 1.372116e+06 8.302964e+05 8.687187e+05
 2.032330e+05 -2.337802e+05 -5.809690e+05 7.947099e+05 -2.190248e+04 2.757530e+05 1.040775e+06 1.479186e+06 7.157373e+05 8.025844e+05
 2.403350e+05 -2.466078e+05 -5.028263e+05 7.910851e+05 -9.571742e+04 3.143959e+05 9.797515e+05 1.757641e+06 6.667230e+05 9.184969e+05
 2.687261e+05 -2.287266e+05 -4.890429e+05 7.426359e+05 -5.772367e+04 2.449447e+05 9.678633e+05 1.879853e+06 6.452953e+05 1.077685e+06
 2.417898e+05 -2.266276e+05 -4.824642e+05 6.683246e+05 -1.240245e+05 1.610003e+05 1.025730e+06 1.934450e+06 6.833004e+05 1.047665e+06
 2.756184e+05 -1.978072e+05 -4.640353e+05 6.991284e+05 -2.071075e+05 2.329753e+05 8.851225e+05 1.943084e+06 6.855219e+05 1.064802e+06
 3.339218e+05 -2.737436e+05 -4.881825e+05 6.924012e+05 -3.212218e+05 1.983513e+05 8.258421e+05 1.786968e+06 7.730930e+05 1.239775e+06
 3.060628e+05 -2.523058e+05 -5.489132e+05 6.974855e+05 -3.098265e+05 1.224143e+05 9.865561e+05 1.858811e+06 7.300462e+05 1.191243e+06
 3.333188e+05 -2.290756e+05 -5.365685e+05 7.165831e+05 -3.611351e+05 7.085333e+04 1.024557e+06 1.906658e+06 6.895414e+05 1.208251e+06
 2.896909e+05 -2.586549e+05 -6.111932e+05 7.133130e+05 -3.518421e+05 3.256322e+04 1.135651e+06 1.994674e+06 7.171712e+05 1.234471e+06
 2.982743e+05 -2.732992e+05 -6.087586e+05 6.817164e+05 -2.703920e+05 3.819423e+04 1.159982e+06 2.026315e+06 7.697785e+05 1.266106e+06
 3.325389e+05 -2.233526e+05 -5.924810e+05 6.695610e+05 -2.655191e+05 -3.688699e+04 1.197842e+06 1.806596e+06 7.665213e+05 1.287451e+06
 3.272663e+05 -1.564755e+05 -6.491135e+05 6.574278e+05 -2.482953e+05 -9.147813e+04 1.202638e+06 1.943155e+06 6.100404e+05 1.131444e+06
 2.962244e+05 -1.277401e+05 -7.046305e+05 6.572226e+05 -3.600900e+05 -2.888583e+04 1.256843e+06 1.959453e+06 6.669303e+05 9.813497e+05
 3.254309e+05 -1.303905e+05 -7.141914e+05 6.152162e+05 -4.780847e+05 5.083679e+04 1.289385e+06 1.965671e+06 6.557747e+05 1.054583e+06
 3.455947e+05 -4.235711e+04 -7.067825e+05 6.463456e+05 -4.326150e+05 -1.017247e+05 1.297152e+06 1.945004e+06 7.496553e+05 1.015348e+06
 2.734914e+05 -5.080003e+04 -6.888280e+05 5.830585e+05 -5.137171e+05 -5.564300e+04 1.192112e+06 1.943115e+06 7.937650e+05 9.553774e+05
 2.789827e+05 -4.523024e+04 -6.727693e+05 5.744491e+05 -5.660086e+05 -1.268804e+05 1.233001e+06 1.938484e+06 9.504132e+05 9.477245e+05
 2.961084e+05 -3.439500e+04 -6.447439e+05 6.339388e+05 -5.763288e+05 -1.475703e+05 1.292448e+06 1.974657e+06 9.167099e+05 8.866840e+05
 3.212927e+05 1.382108e+04 -6.803589e+05 6.725007e+05 -5.793148e+05 -2.008565e+05 1.185728e+06 2.017614e+06 9.345924e+05 9.734161e+05
 3.024905e+05 -2.194374e+04 -7.312118e+05 6.317325e+05 -5.336074e+05 -1.931562e+05 1.203436e+06 2.034797e+06 1.015440e+06 8.803145e+05
 3.031860e+05 8.386940e+03 -6.521541e+05 6.520026e+05 -6.269888e+05 -1.190575e+05 1.188974e+06 1.977375e+06 1.002284e+06 9.307115e+05
 4.831775e+05 2.482817e+05 -1.316765e+06 1.318259e+06 -1.300087e+06 -1.658503e+06 1.113339e+06 1.053676e+06 1.616616e+06 1.823585e+06
 5.092303e+05 3.010656e+05 -1.441273e+06 1.357816e+06 -1.230634e+06 -1.551386e+06 1.038971e+06 9.220096e+05 1.595715e+06 2.049167e+06
 5.202943e+05 2.517105e+05 -1.408442e+06 1.284095e+06 -1.262559e+06 -1.540753e+06 1.113132e+06 9.480596e+05 1.695544e+06 2.059170e+06
 5.237373e+05 2.085119e+05 -1.496786e+06 1.237078e+06 -1.165507e+06 -1.630651e+06 1.135906e+06 8.271677e+05 1.606649e+06 1.969838e+06
 4.517331e+05 2.016211e+05 -1.486324e+06 1.145443e+06 -1.223244e+06 -1.640692e+06 1.284334e+06 9.162886e+05 1.448920e+06 1.838647e+06
 4.511805e+05 2.095575e+05 -1.468246e+06 1.180128e+06 -1.121839e+06 -1.593758e+06 1.238623e+06 8.482348e+05 1.464919e+06 1.596059e+06
 3.325107e+05 1.297761e+05 -1.347320e+06 1.191302e+06 -1.023534e+06 -1.598131e+06 1.324775e+06 7.920669e+05 1.569571e+06 1.564919e+06
 3.357007e+05 1.054845e+05 -1.370676e+06 1.249197e+06 -1.091184e+06 -1.678764e+06 1.336001e+06 8.313717e+05 1.390118e+06 1.682902e+06
 3.467667e+05 1.091405e+05 -1.401529e+06 1.313092e+06 -1.090790e+06 -1.867863e+06 1.353873e+06 7.614052e+05 1.450541e+06 1.729246e+06
 3.474625e+05 1.069504e+05 -1.399504e+06 1.394382e+06 -9.359753e+05 -1.830974e+06 1.179690e+06 8.873277e+05 1.522029e+06 1.747711e+06
 2.889018e+05 1.197565e+05 -1.425256e+06 1.418780e+06 -8.871815e+05 -1.938978e+06 1.285142e+06 6.771119e+05 1.777631e+06 1.677783e+06
 2.636932e+05 1.347794e+05 -1.423658e+06 1.435975e+06 -8.796669e+05 -1.915484e+06 1.306896e+06 7.365242e+05 1.878632e+06 1.526315e+06
 2.726318e+05 8.102364e+04 -1.339852e+06 1.306650e+06 -8.239226e+05 -2.016045e+06 1.329159e+06 6.066804e+05 1.621266e+06 1.740597e+06
 3.772354e+05 1.515408e+04 -1.330233e+06 1.283959e+06 -8.132732e+05 -2.053482e+06 1.483132e+06 5.663096e+05 1.657198e+06 1.721553e+06
 3.852736e+05 -1.784009e+04 -1.261263e+06 1.214589e+06 -8.410106e+05 -2.118250e+06 1.307825e+06 5.196526e+05 1.599301e+06 1.978420e+06
 3.695957e+05 1.985084e+04 -1.358729e+06 1.320638e+06 -8.816830e+05 -2.084145e+06 1.473707e+06 4.148803e+05 1.631125e+06 1.848201e+06
 3.492537e+05 4.936748e+03 -1.331344e+06 1.208451e+06 -8.729690e+05 -2.078471e+06 1.590375e+06 2.331049e+05 1.731071e+06 1.820593e+06
 3.528932e+05 -1.828672e+04 -1.472335e+06 1.197375e+06 -9.339285e+05 -2.148645e+06 1.628511e+06 2.389830e+05 1.868354e+06 1.912008e+06
 3.939322e+05 3.714787e+04 -1.510208e+06 1.163053e+06 -8.910681e+05 -2.204270e+06 1.697355e+06 9.349670e+04 1.872310e+06 1.688474e+06
 3.243145e+05 5.108572e+04 -1.472119e+06 1.130496e+06 -9.749886e+05 -2.210941e+06 1.718713e+06 8.562280e+04 1.863667e+06 1.773080e+06
 3.580258e+05 6.723471e+04 -1.536637e+06 1.117881e+06 -9.421931e+05 -2.162497e+06 1.711913e+06 -7.490775e+03 1.776038e+06 1.725744e+06
 3.082559e+05 1.977696e+04 -1.589052e+06 1.181671e+06 -8.234061e+05 -2.026616e+06 1.723140e+06 8.780876e+04 1.854334e+06 1.773852e+06
 3.399151e+05 7.677414e+03 -1.644542e+06 1.109090e+06 -7.980846e+05 -2.077304e+06 1.755080e+06 1.631263e+05 1.737320e+06 1.618393e+06
 2.854644e+05 1.216125e+04 -1.641273e+06 1.032431e+06 -8.139916e+05 -1.939611e+06 1.632823e+06 6.139595e+04 1.694556e+06 1.727909e+06
 2.380853e+05 2.083243e+04 -1.696476e+06 9.371643e+05 -9.108591e+05 -2.040628e+06 1.690049e+06 2.324358e+04 1.718167e+06 1.896963e+06
 3.563848e+05 4.293069e+04 -1.618530e+06 8.260343e+05 -9.655562e+05 -1.936207e+06 1.687137e+06 -2.070111e+05 1.739480e+06 2.053081e+06
 3.135488e+05 9.922155e+04 -1.595895e+06 8.515002e+05 -1.016938e+06 -1.814738e+06 1.553017e+06 -2.455324e+05 1.884459e+06 2.047166e+06
 3.192763e+05 1.008264e+05 -1.592219e+06 7.783723e+05 -1.083231e+06 -1.786589e+06 1.519683e+06 -2.110444e+05 1.725841e+06 2.088656e+06
 2.923296e+05 5.385851e+04 -1.501468e+06 7.980721e+05 -1.034264e+06 -1.697458e+06 1.410721e+06 -1.035003e+05 1.753653e+06 2.043371e+06
 2.625070e+05 7.500133e+04 -1.660975e+06 7.673158e+05 -9.596100e+05 -1.599639e+06 1.372518e+06 -2.342729e+05 1.795295e+06 2.096675e+06
 1.810169e+05 1.030144e+05 -1.635629e+06 6.921782e+05 -9.524014e+05 -1.649037e+06 1.303760e+06 -5.662981e+05 1.647948e+06 1.959296e+06
 2.162903e+05 9.332202e+04 -1.654388e+06 5.339815e+05 -9.758830e+05 -1.753260e+06 1.331958e+06 -5.235774e+05 1.665356e+06 1.968200e+06
 2.330614e+05 6.300915e+04 -1.709472e+06 4.729702e+05 -9.128665e+05 -1.701496e+06 1.430878e+06 -6.261248e+05 1.771741e+06 1.805618e+06
 1.760315e+05 -1.060498e+04 -1.669370e+06 4.822142e+05 -8.735958e+05 -1.637349e+06 1.446753e+06 -4.811774e+05 1.618285e+06 1.900598e+06
 1.533498e+05 2.413594e+04 -1.639615e+06 4.377573e+05 -8.595431e+05 -1.675070e+06 1.410021e+06 -4.464731e+05 1.634306e+06 1.930366e+06
 -4.796816e+04 -2.920649e+05 -1.775984e+06 8.211258e+05 -8.014834e+05 -1.847715e+06 2.693187e+05 -1.133581e+06 2.345912e+06 1.408490e+06
 3.597331e+04 -2.642094e+05 -1.832641e+06 9.708146e+05 -9.411132e+05 -1.853171e+06 1.814231e+05 -1.222384e+06 2.346346e+06 1.704015e+06
 2.590097e+04 -3.297137e+05 -1.822001e+06 9.420109e+05 -9.148436e+05 -1.601365e+06 1.947431e+05 -1.020423e+06 2.766126e+06 1.614269e+06
 3.773725e+04 -3.427368e+05 -1.901076e+06 1.091139e+06 -9.009898e+05 -1.526453e+06 3.114472e+05 -1.152583e+06 2.865945e+06 1.727044e+06
 -1.559816e+04 -3.636419e+05 -1.829655e+06 1.132384e+06 -7.880014e+05 -1.568077e+06 2.770797e+05 -1.078543e+06 2.865894e+06 1.673118e+06
 3.076948e+04 -3.699982e+05 -1.997288e+06 1.084548e+06 -7.989020e+05 -1.370960e+06 2.777798e+05 -1.193205e+06 2.780249e+06 1.721879e+06
 -3.720695e+04 -3.137222e+05 -2.092045e+06 1.032879e+06 -7.953937e+05 -1.242620e+06 2.777310e+05 -1.105652e+06 2.748111e+06 2.023225e+06
 -1.692988e+04 -3.970754e+05 -2.233372e+06 1.146718e+06 -8.952918e+05 -1.353620e+06 2.097404e+05 -1.137876e+06 2.799662e+06 2.176791e+06
 1.841554e+04 -3.611983e+05 -2.306762e+06 1.115947e+06 -8.548575e+05 -1.384813e+06 3.795266e+05 -1.197887e+06 2.954688e+06 2.214368e+06
 3.977497e+04 -2.935694e+05 -2.463644e+06 1.098509e+06 -7.992944e+05 -1.388999e+06 4.661293e+05 -1.285173e+06 2.978230e+06 1.985912e+06
 6.162666e+04 -2.155158e+05 -2.331009e+06 1.076309e+06 -7.313101e+05 -1.460558e+06 4.134342e+05 -1.224414e+06 2.637576e+06 1.714091e+06
 6.967805e+04 -1.663572e+05 -2.423332e+06 9.047706e+05 -7.330154e+05 -1.245484e+06 3.679812e+05 -1.079540e+06 2.819135e+06 1.898490e+06
 1.355650e+05 -2.164147e+05 -2.477431e+06 9.999824e+05 -6.895600e+05 -1.195879e+06 1.513925e+05 -9.157041e+05 3.008722e+06 2.039962e+06
 1.655150e+05 -2.498765e+05 -2.359022e+06 9.555606e+05 -7.706391e+05 -1.005830e+06 1.315521e+05 -8.527107e+05 2.969018e+06 1.937075e+06
 1.768905e+05 -3.234986e+05 -2.441520e+06 9.275212e+05 -7.014442e+05 -9.008959e+05 3.587812e+05 -7.844754e+05 2.617032e+06 2.158253e+06
 1.384229e+05 -2.786523e+05 -2.414341e+06 9.245188e+05 -5.515314e+05 -9.519742e+05 9.044652e+04 -1.012210e+06 2.560192e+06 2.233585e+06
 1.856158e+04 -2.467801e+05 -2.283834e+06 8.371028e+05 -4.243025e+05 -9.199369e+05 2.027411e+05 -1.151809e+06 2.719952e+06 2.205738e+06
 6.720768e+04 -3.015014e+05 -2.125777e+06 8.182332e+05 -3.299511e+05 -8.320847e+05 1.428864e+05 -6.773909e+05 2.562569e+06 2.205767e+06
 5.414519e+04 -3.398062e+05 -2.249613e+06 7.454018e+05 -3.310880e+05 -1.023100e+06 2.474531e+05 -5.227124e+05 2.790977e+06 2.257990e+06
 3.099953e+04 -3.179358e+05 -2.169855e+06 7.383429e+05 -3.438739e+05 -8.089615e+05 1.462310e+05 -6.685008e+05 2.832143e+06 2.297294e+06
 4.201192e+03 -3.069174e+05 -2.307710e+06 6.321768e+05 -4.450956e+05 -1.065552e+06 2.712280e+05 -6.475622e+05 3.028999e+06 2.133525e+06
 -7.488948e+04 -3.916096e+05 -2.300463e+06 5.743796e+05 -6.582837e+05 -1.036249e+06 2.764999e+05 -6.886187e+05 3.234131e+06 2.189975e+06
 2.377002e+04 -4.501647e+05 -2.396536e+06 6.223873e+05 -7.492392e+05 -1.096432e+06 3.302162e+05 -8.150176e+05 3.172858e+06 2.515923e+06
 4.934727e+04 -4.195397e+05 -2.423664e+06 5.159402e+05 -6.818168e+05 -1.203550e+06 4.267130e+05 -9.262090e+05 3.270380e+06 2.417745e+06
 1.598839e+04 -3.840354e+05 -2.456097e+06 5.600764e+05 -7.829188e+05 -1.194142e+06 4.854004e+05 -8.444912e+05 3.369991e+06 2.358178e+06
 1.846870e+04 -3.964672e+05 -2.517354e+06 6.407827e+05 -7.070954e+05 -1.403069e+06 3.826834e+05 -8.892161e+05 3.311651e+06 2.331861e+06
 5.827666e+04 -4.143365e+05 -2.591721e+06 7.277302e+05 -6.647530e+05 -1.215122e+06 4.586638e+05 -7.322045e+05 3.240218e+06 2.280366e+06
 4.244592e+04 -3.590985e+05 -2.683776e+06 6.452225e+05 -4.764923e+05 -1.092192e+06 2.609187e+05 -5.592565e+05 3.306889e+06 2.239598e+06
 5.281854e+04 -4.126708e+05 -2.555316e+06 6.252878e+05 -3.979330e+05 -1.092164e+06 2.598934e+05 -2.006147e+05 3.183581e+06 2.087917e+06
 -4.650266e+04 -4.356386e+05 -2.454042e+06 5.972896e+05 -3.021330e+05 -1.087782e+06 3.714714e+05 -2.640009e+05 3.164465e+06 2.386110e+06
 1.788096e+04 -4.489482e+05 -2.534410e+06 6.245620e+05 -3.728298e+05 -1.209124e+06 5.376994e+05 -1.654569e+05 3.383301e+06 2.158172e+06
 2.562749e+04 -4.660275e+05 -2.558330e+06 5.827525e+05 -2.434578e+05 -1.131983e+06 6.106590e+05 -3.612640e+04 3.004590e+06 2.623685e+06
 9.436484e+04 -4.262244e+05 -2.499882e+06 5.662049e+05 -3.122222e+05 -9.893592e+05 6.123239e+05 4.337870e+03 2.751509e+06 2.555883e+06
 1.042258e+05 -4.064255e+05 -2.553818e+06 5.331736e+05 -4.917727e+05 -1.006307e+06 5.721095e+05 -1.606759e+04 2.587860e+06 2.705242e+06
 -1.765382e+04 -4.861490e+05 -2.460477e+06 6.206804e+05 -3.714363e+05 -1.035969e+06 4.341207e+05 -1.169359e+05 2.660040e+06 2.721605e+06
 1.311726e+06 -6.380046e+05 -3.803526e+06 1.767002e+05 -5.917581e+05 3.734224e+06 2.513279e+06 -1.287498e+06 7.616790e+05 1.337116e+06
 1.359641e+06 -6.052194e+05 -3.594028e+06 2.486411e+05 -7.899649e+05 3.872189e+06 2.557553e+06 -1.187345e+06 9.625802e+05 1.073632e+06
 1.255379e+06 -5.751321e+05 -3.543956e+06 1.558672e+05 -7.331560e+05 3.870342e+06 2.429965e+06 -1.249626e+06 6.827421e+05 1.526285e+06
 1.214024e+06 -4.487065e+05 -3.476596e+06 -1.866204e+04 -8.060165e+05 3.876240e+06 2.539004e+06 -1.484126e+06 9.767024e+05 1.919861e+06
 1.227313e+06 -3.659842e+05 -3.546155e+06 1.233191e+05 -7.661314e+05 4.001036e+06 2.653849e+06 -1.832189e+06 9.202760e+05 1.944786e+06
 1.059149e+06 -3.049456e+05 -3.462682e+06 9.748653e+04 -8.231403e+05 4.293848e+06 2.766635e+06 -1.808143e+06 8.354710e+05 1.741007e+06
 1.087691e+06 -1.973496e+05 -3.601042e+06 4.638457e+04 -4.152612e+05 4.326084e+06 2.686987e+06 -1.921883e+06 6.084604e+05 1.827180e+06
 1.151363e+06 -1.975946e+05 -3.623240e+06 -1.397715e+05 -3.248362e+05 4.201572e+06 2.740698e+06 -1.742742e+06 4.980021e+05 1.911337e+06
 1.016055e+06 -2.342819e+05 -3.639799e+06 -1.439250e+05 -2.068051e+05 4.035629e+06 3.017153e+06 -1.936177e+06 4.660503e+05 1.757975e+06
 9.555232e+05 -2.578113e+05 -3.699421e+06 -2.418930e+05 -2.106020e+05 3.983789e+06 3.378492e+06 -1.922276e+06 4.599591e+05 1.935560e+06
 1.016202e+06 -2.348541e+05 -4.009177e+06 -3.072001e+05 -2.643848e+05 4.121792e+06 3.504512e+06 -1.523116e+06 7.727403e+05 1.653034e+06
 9.620216e+05 -2.534343e+05 -4.075696e+06 -1.974041e+05 -7.147458e+04 4.208079e+06 3.612391e+06 -1.770955e+06 1.430652e+06 1.638626e+06
 1.097746e+06 -9.481936e+04 -4.026327e+06 -3.480877e+05 -7.083617e+04 4.060107e+06 3.136939e+06 -1.755512e+06 1.922476e+06 1.330503e+06
 1.126595e+06 -1.746075e+05 -4.025819e+06 -3.501542e+05 -3.937688e+05 3.802042e+06 3.139653e+06 -1.494037e+06 2.284875e+06 1.291979e+06
 1.146795e+06 -2.873154e+05 -4.032313e+06 -3.889486e+05 -2.912221e+05 3.877649e+06 3.016570e+06 -8.790710e+05 2.132244e+06 1.331347e+06
 1.226379e+06 -4.261668e+05 -3.998401e+06 -3.040950e+05 -1.836586e+05 3.762131e+06 2.966421e+06 -7.704843e+05 2.041800e+06 1.572630e+06
 1.317505e+06 -3.451984e+05 -4.093486e+06 -7.252616e+04 -5.716443e+05 3.843532e+06 2.899926e+06 -8.485755e+05 2.034265e+06 1.757332e+06
 1.316497e+06 -3.965974e+05 -3.966013e+06 6.192754e+04 -3.579227e+05 3.852362e+06 3.303273e+06 -7.559678e+05 1.994609e+06 1.765622e+06
 1.357801e+06 -4.919384e+05 -3.748650e+06 1.122982e+05 -6.696033e+05 3.633792e+06 3.013368e+06 -7.642738e+05 1.786289e+06 1.742749e+06
 1.308715e+06 -5.212506e+05 -3.737257e+06 2.899355e+04 -4.203984e+05 3.643470e+06 2.715707e+06 -7.426557e+05 2.194502e+06 1.806621e+06
 1.292358e+06 -5.514336e+05 -3.682086e+06 1.990962e+04 -8.305337e+05 3.477035e+06 2.677154e+06 -8.030572e+05 2.300331e+06 2.148083e+06
 1.470779e+06 -5.134245e+05 -3.784434e+06 -1.103015e+05 -6.560480e+05 3.316542e+06 2.471932e+06 -7.340597e+05 2.437586e+06 2.128825e+06
 1.359676e+06 -6.006892e+05 -3.766892e+06 -8.529929e+03 -6.812113e+05 3.271668e+06 2.433631e+06 -1.047781e+06 2.519443e+06 2.700255e+06
 1.340210e+06 -5.739298e+05 -3.771575e+06 7.055164e+04 -5.767465e+05 3.357158e+06 2.346642e+06 -1.539139e+06 2.831418e+06 3.000803e+06
 1.324663e+06 -5.453231e+05 -3.942642e+06 6.974041e+04 -6.668829e+05 3.018929e+06 2.438598e+06 -1.301316e+06 2.535319e+06 3.079123e+06
 1.242240e+06 -5.340715e+05 -3.855941e+06 -5.058271e+04 -4.253026e+05 2.727884e+06 2.449139e+06 -1.341193e+06 2.526324e+06 2.449475e+06
 1.147237e+06 -5.038852e+05 -3.675258e+06 -1.636954e+05 -1.752037e+05 2.847301e+06 2.163804e+06 -1.634707e+06 2.660057e+06 1.940653e+06
 1.312875e+06 -5.836849e+05 -3.866682e+06 -2.809991e+04 -2.360221e+05 2.548354e+06 2.375146e+06 -1.533801e+06 3.171374e+06 1.278637e+06
 1.312161e+06 -5.095590e+05 -3.858667e+06 4.189681e+04 -4.324274e+05 2.320005e+06 2.692772e+06 -1.284569e+06 2.839356e+06 1.447579e+06
 1.275994e+06 -5.662265e+05 -3.753337e+06 1.217145e+05 -4.555705e+05 2.369905e+06 2.440985e+06 -1.303690e+06 2.886158e+06 1.548688e+06
 1.322540e+06 -6.057055e+05 -3.630134e+06 1.601748e+05 -4.229062e+05 2.256152e+06 2.510757e+06 -1.421910e+06 2.635345e+06 1.426253e+06
 1.448102e+06 -4.800864e+05 -3.616238e+06 1.965053e+05 -2.611024e+05 2.093966e+06 2.756124e+06 -1.346382e+06 2.327334e+06 1.396637e+06
 1.311895e+06 -4.821182e+05 -3.507812e+06 2.145101e+05 -5.197181e+05 2.109966e+06 2.874250e+06 -1.467151e+06 2.519464e+06 1.460607e+06
 1.337100e+06 -4.254177e+05 -3.393375e+06 1.046504e+05 -2.337558e+05 1.986629e+06 3.056721e+06 -1.542990e+06 2.123233e+06 9.854480e+05
 1.392293e+06 -4.375312e+05 -3.341663e+06 5.179889e+04 -1.776131e+05 1.993095e+06 3.064192e+06 -1.299979e+06 1.752074e+06 6.362247e+05
