 0.000000e+00
 2.411612e+04
 4.811261e+04
 7.345084e+04
 1.003913e+05
 1.270539e+05
 1.535746e+05
 1.813324e+05
 2.107037e+05
 2.388987e+05
 2.681881e+05
 2.967758e+05
 3.226378e+05
 3.496106e+05
 3.751623e+05
 4.056170e+05
 4.359293e+05
 4.607241e+05
 4.905026e+05
 5.178343e+05
 5.481790e+05
 5.805788e+05
 6.078433e+05
 6.354137e+05
 6.582551e+05
 6.852523e+05
 7.139945e+05
 7.441107e+05
 7.710844e+05
 7.964885e+05
 8.261581e+05
 8.552976e+05
 8.793182e+05
 9.029560e+05
 9.318918e+05
 9.554739e+05
 9.821619e+05
 1.004276e+06
 1.029432e+06
 1.059190e+06
 1.081941e+06
 1.111417e+06
 1.135731e+06
 1.168291e+06
 1.201791e+06
 1.221506e+06
 1.249773e+06
 1.277696e+06
 1.303714e+06
 1.328880e+06
 1.360395e+06
 1.389809e+06
 1.413170e+06
 1.443317e+06
 1.474021e+06
 1.503690e+06
 1.534817e+06
 1.560768e+06
 1.590001e+06
 1.613766e+06
 1.644233e+06
 1.676030e+06
 1.707791e+06
 1.728426e+06
 1.752769e+06
 1.784431e+06
 1.815128e+06
 1.836943e+06
 1.867003e+06
 1.893601e+06
 1.918715e+06
 1.950341e+06
 1.969717e+06
 1.985826e+06
 2.008585e+06
 2.031854e+06
 2.065061e+06
 2.086606e+06
 2.114865e+06
 2.146862e+06
 2.160474e+06
 2.186950e+06
 2.221165e+06
 2.248554e+06
 2.266302e+06
 2.296163e+06
 2.325201e+06
 2.349299e+06
 2.375767e+06
 2.409960e+06
 2.432853e+06
 2.468903e+06
 2.500147e+06
 2.530741e+06
 2.550847e+06
 2.578645e+06
 2.616789e+06
 2.657066e+06
 2.678732e+06
 2.700229e+06
 2.732122e+06
 2.759981e+06
 2.777897e+06
 2.811216e+06
 2.834684e+06
 2.861939e+06
 2.900178e+06
 2.914804e+06
 2.926657e+06
 2.951636e+06
 2.976685e+06
 3.007822e+06
 3.030202e+06
 3.061535e+06
 3.102241e+06
 3.108379e+06
 3.135997e+06
 3.180220e+06
 3.207456e+06
 3.218432e+06
 3.251833e+06
 3.287692e+06
 3.313250e+06
 3.341300e+06
 3.381207e+06
 3.399390e+06
 3.438703e+06
 3.466930e+06
 3.496088e+06
 3.523964e+06
 3.545315e+06
 3.586236e+06
 3.632634e+06
 3.651298e+06
 3.677547e+06
 3.710378e+06
 3.740924e+06
 3.756538e+06
 3.784937e+06
 3.802440e+06
 3.828511e+06
 3.867074e+06
 3.878497e+06
 3.891095e+06
 3.915045e+06
 3.942547e+06
 3.968726e+06
 3.980535e+06
 4.021650e+06
 4.069739e+06
 4.066410e+06
 4.088263e+06
 4.133313e+06
 4.156510e+06
 4.169124e+06
 4.193641e+06
 4.245117e+06
 4.265885e+06
 4.293917e+06
 4.342232e+06
 4.365074e+06
 4.410606e+06
 4.430292e+06
 4.463596e+06
 4.479137e+06
 4.499774e+06
 4.547324e+06
 4.599017e+06
 4.614774e+06
 4.642540e+06
 4.671727e+06
 4.705471e+06
 4.720694e+06
 4.747331e+06
 4.764371e+06
 4.782604e+06
 4.826449e+06
 4.831327e+06
 4.842906e+06
 4.879391e+06
 4.910577e+06
 4.936586e+06
 4.938518e+06
 4.982708e+06
 5.034255e+06
 5.017253e+06
 5.035974e+06
 5.076148e+06
 5.094865e+06
 5.102076e+06
 5.130352e+06
 5.180600e+06
 5.195732e+06
 5.232471e+06
 5.279929e+06
 5.301311e+06
 5.350908e+06
 5.368201e+06
 5.405252e+06
 5.423148e+06
 5.446877e+06
 5.494590e+06
 5.547825e+06
 5.555099e+06
 5.564887e+06
 5.598579e+06
 5.624369e+06
 5.627256e+06
 5.658846e+06
 5.686026e+06
 5.696272e+06
 5.748427e+06
 5.741795e+06
 5.753148e+06
 5.792045e+06
 5.828846e+06
 5.855420e+06
 5.848747e+06
 5.886855e+06
 5.945960e+06
 5.925362e+06
 5.936486e+06
 5.985464e+06
 6.007207e+06
 6.019675e+06
 6.065042e+06
 6.107928e+06
 6.128957e+06
 6.156586e+06
 6.220884e+06
 6.227212e+06
 6.300738e+06
 6.314288e+06
 6.351347e+06
 6.365133e+06
 6.382687e+06
 6.431466e+06
 6.478370e+06
 6.479396e+06
 6.488506e+06
 6.515500e+06
 6.543380e+06
 6.552272e+06
 6.585664e+06
 6.621744e+06
 6.629916e+06
 6.673609e+06
 6.665357e+06
 6.679695e+06
 6.707758e+06
 6.747997e+06
 6.765927e+06
 6.759585e+06
 6.811290e+06
 6.837376e+06
 6.812992e+06
 6.837709e+06
 6.885011e+06
 6.901482e+06
 6.907476e+06
 6.951845e+06
 6.991908e+06
 7.019050e+06
 7.069811e+06
 7.124977e+06
 7.121814e+06
 7.207806e+06
 7.208517e+06
 7.235049e+06
 7.246836e+06
 7.271628e+06
 7.324496e+06
 7.369769e+06
 7.365870e+06
 7.361441e+06
 7.411695e+06
 7.427630e+06
 7.425005e+06
 7.451829e+06
 7.476411e+06
 7.491283e+06
 7.524753e+06
 7.522900e+06
 7.520621e+06
 7.543541e+06
 7.584944e+06
 7.629350e+06
 7.623305e+06
 7.651665e+06
 7.685522e+06
 7.669010e+06
 7.714899e+06
 7.755179e+06
 7.741500e+06
 7.750404e+06
 7.798928e+06
 7.840431e+06
 7.878127e+06
 7.938590e+06
 7.956295e+06
 7.955781e+06
 8.065176e+06
 8.093068e+06
 8.123403e+06
 8.135797e+06
 8.167026e+06
 8.241966e+06
 8.270705e+06
 8.288407e+06
 8.249110e+06
 8.323614e+06
 8.307091e+06
 8.282704e+06
 8.310609e+06
 8.320779e+06
 8.325958e+06
 8.350429e+06
 8.394590e+06
 8.382069e+06
 8.426499e+06
 8.455496e+06
 8.496754e+06
 8.452899e+06
 8.544624e+06
 8.530670e+06
 8.532065e+06
 8.582902e+06
 8.607158e+06
 8.544251e+06
 8.563753e+06
 8.668607e+06
 8.664022e+06
 8.738615e+06
 8.787315e+06
 8.787777e+06
 8.778699e+06
 8.887576e+06
 8.882520e+06
 8.889403e+06
 8.953591e+06
 8.988305e+06
 9.063747e+06
 9.111046e+06
 9.124303e+06
 9.039935e+06
 9.140429e+06
 9.179476e+06
 9.157051e+06
 9.196157e+06
 9.199079e+06
 9.240777e+06
 9.217723e+06
 9.246769e+06
 9.230388e+06
