 0.000000e+00
 4.778177e+04
 9.517857e+04
 1.451954e+05
 1.978319e+05
 2.513342e+05
 3.043776e+05
 3.579235e+05
 4.144214e+05
 4.695107e+05
 5.251104e+05
 5.782015e+05
 6.310203e+05
 6.849083e+05
 7.365584e+05
 7.967718e+05
 8.544984e+05
 9.101720e+05
 9.679607e+05
 1.020818e+06
 1.078444e+06
 1.136630e+06
 1.192468e+06
 1.243856e+06
 1.293648e+06
 1.348351e+06
 1.405854e+06
 1.457605e+06
 1.508324e+06
 1.557965e+06
 1.615740e+06
 1.673295e+06
 1.719654e+06
 1.769114e+06
 1.823249e+06
 1.869642e+06
 1.921879e+06
 1.966583e+06
 2.018636e+06
 2.074551e+06
 2.120255e+06
 2.175755e+06
 2.229704e+06
 2.291299e+06
 2.347600e+06
 2.394797e+06
 2.447168e+06
 2.505515e+06
 2.557278e+06
 2.606355e+06
 2.667916e+06
 2.724427e+06
 2.777289e+06
 2.832523e+06
 2.888732e+06
 2.941573e+06
 2.997665e+06
 3.049908e+06
 3.103917e+06
 3.155304e+06
 3.211902e+06
 3.268028e+06
 3.325260e+06
 3.369340e+06
 3.421811e+06
 3.477551e+06
 3.542274e+06
 3.580039e+06
 3.633619e+06
 3.680664e+06
 3.725023e+06
 3.782983e+06
 3.830023e+06
 3.869062e+06
 3.922939e+06
 3.967678e+06
 4.023919e+06
 4.075292e+06
 4.133064e+06
 4.183673e+06
 4.223968e+06
 4.275990e+06
 4.341271e+06
 4.397729e+06
 4.439282e+06
 4.506204e+06
 4.559406e+06
 4.607617e+06
 4.665228e+06
 4.719414e+06
 4.765706e+06
 4.823548e+06
 4.878494e+06
 4.930530e+06
 4.981547e+06
 5.039519e+06
 5.100620e+06
 5.169574e+06
 5.214478e+06
 5.263300e+06
 5.319818e+06
 5.384203e+06
 5.422881e+06
 5.477240e+06
 5.525429e+06
 5.574670e+06
 5.642960e+06
 5.684760e+06
 5.717775e+06
 5.775698e+06
 5.819745e+06
 5.870834e+06
 5.921950e+06
 5.988220e+06
 6.053113e+06
 6.081914e+06
 6.136337e+06
 6.212941e+06
 6.269655e+06
 6.302403e+06
 6.369303e+06
 6.427671e+06
 6.477250e+06
 6.536919e+06
 6.607790e+06
 6.650860e+06
 6.717541e+06
 6.764679e+06
 6.816019e+06
 6.872732e+06
 6.924747e+06
 6.983996e+06
 7.062098e+06
 7.097031e+06
 7.149753e+06
 7.203314e+06
 7.269627e+06
 7.309647e+06
 7.354776e+06
 7.398498e+06
 7.445551e+06
 7.518247e+06
 7.554690e+06
 7.587711e+06
 7.633072e+06
 7.678877e+06
 7.731440e+06
 7.764783e+06
 7.849922e+06
 7.923582e+06
 7.936917e+06
 7.978165e+06
 8.059009e+06
 8.110748e+06
 8.135851e+06
 8.189339e+06
 8.277276e+06
 8.312707e+06
 8.373676e+06
 8.447733e+06
 8.504455e+06
 8.576230e+06
 8.616021e+06
 8.673954e+06
 8.722250e+06
 8.772312e+06
 8.841126e+06
 8.925679e+06
 8.959756e+06
 9.020010e+06
 9.061858e+06
 9.131134e+06
 9.163878e+06
 9.204920e+06
 9.246070e+06
 9.281714e+06
 9.368647e+06
 9.390364e+06
 9.426477e+06
 9.482759e+06
 9.542763e+06
 9.597677e+06
 9.612183e+06
 9.704964e+06
 9.787921e+06
 9.788797e+06
 9.830389e+06
 9.908898e+06
 9.958668e+06
 9.977073e+06
 1.002299e+07
 1.011125e+07
 1.013691e+07
 1.021343e+07
 1.027912e+07
 1.034028e+07
 1.041679e+07
 1.044524e+07
 1.050855e+07
 1.054963e+07
 1.060018e+07
 1.067342e+07
 1.075532e+07
 1.077322e+07
 1.080838e+07
 1.086191e+07
 1.091963e+07
 1.094102e+07
 1.098437e+07
 1.104309e+07
 1.106660e+07
 1.116209e+07
 1.117182e+07
 1.120394e+07
 1.129099e+07
 1.136305e+07
 1.140111e+07
 1.141105e+07
 1.150362e+07
 1.160602e+07
 1.160293e+07
 1.161498e+07
 1.171408e+07
 1.177195e+07
 1.179533e+07
 1.187558e+07
 1.194233e+07
 1.197533e+07
 1.203888e+07
 1.212480e+07
 1.215462e+07
 1.228492e+07
 1.231057e+07
 1.236351e+07
 1.240278e+07
 1.243748e+07
 1.252436e+07
 1.259073e+07
 1.260434e+07
 1.264521e+07
 1.269100e+07
 1.275169e+07
 1.277832e+07
 1.282022e+07
 1.289674e+07
 1.291433e+07
 1.300437e+07
 1.301631e+07
 1.305125e+07
 1.312327e+07
 1.320157e+07
 1.324529e+07
 1.324635e+07
 1.334693e+07
 1.340069e+07
 1.339999e+07
 1.343473e+07
 1.353575e+07
 1.358970e+07
 1.360474e+07
 1.369182e+07
 1.372947e+07
 1.375551e+07
 1.386803e+07
 1.394047e+07
 1.396159e+07
 1.410547e+07
 1.410889e+07
 1.413218e+07
 1.417259e+07
 1.421401e+07
 1.431346e+07
 1.438248e+07
 1.438001e+07
 1.442649e+07
 1.450773e+07
 1.453069e+07
 1.454163e+07
 1.457596e+07
 1.463882e+07
 1.467984e+07
 1.475574e+07
 1.477148e+07
 1.477763e+07
 1.480669e+07
 1.488154e+07
 1.498382e+07
 1.498816e+07
 1.505713e+07
 1.510969e+07
 1.512248e+07
 1.518428e+07
 1.527365e+07
 1.526343e+07
 1.531757e+07
 1.541039e+07
 1.542829e+07
 1.546931e+07
 1.559843e+07
 1.560945e+07
 1.562344e+07
 1.580833e+07
 1.585384e+07
 1.586748e+07
 1.591452e+07
 1.597278e+07
 1.610388e+07
 1.613845e+07
 1.616262e+07
 1.614719e+07
 1.628730e+07
 1.627468e+07
 1.625837e+07
 1.630470e+07
 1.638027e+07
 1.641344e+07
 1.647402e+07
 1.656013e+07
 1.654804e+07
 1.666440e+07
 1.675632e+07
 1.683325e+07
 1.672876e+07
 1.688620e+07
 1.683556e+07
 1.688648e+07
 1.695184e+07
 1.702945e+07
 1.697171e+07
 1.699839e+07
 1.720943e+07
 1.716328e+07
 1.723930e+07
 1.734095e+07
 1.732616e+07
 1.736502e+07
 1.757354e+07
 1.755800e+07
 1.755504e+07
 1.771207e+07
 1.776769e+07
 1.788736e+07
 1.796819e+07
 1.798360e+07
 1.784606e+07
 1.804048e+07
 1.814541e+07
 1.807204e+07
 1.815884e+07
 1.819952e+07
 1.830808e+07
 1.828607e+07
 1.830671e+07
 1.828191e+07
