 0.000000e+00
 -1.445746e+04
 -2.659119e+04
 -4.135745e+04
 -5.733328e+04
 -6.965090e+04
 -7.369652e+04
 -8.393480e+04
 -1.100990e+05
 -9.263005e+04
 -8.451418e+04
 -1.052526e+05
 -1.141713e+05
 -1.575874e+05
 -1.675573e+05
 -1.918022e+05
 -2.085130e+05
 -2.079539e+05
 -2.728665e+05
 -2.988193e+05
 -2.931687e+05
 -2.965557e+05
 -3.349036e+05
 -3.705512e+05
 -4.207735e+05
 -4.387281e+05
 -4.235743e+05
 -4.170110e+05
 -4.584765e+05
 -4.960506e+05
 -5.318484e+05
 -5.539804e+05
 -5.332900e+05
 -5.248065e+05
 -5.069583e+05
 -5.233720e+05
 -4.848835e+05
 -5.138073e+05
 -5.008633e+05
 -5.258180e+05
 -5.452443e+05
 -5.705295e+05
 -5.612831e+05
 -5.727549e+05
 -4.722178e+05
 -4.554550e+05
 -5.138676e+05
 -4.926639e+05
 -5.851645e+05
 -5.553297e+05
 -5.949880e+05
 -6.268769e+05
 -6.027080e+05
 -6.950029e+05
 -7.329340e+05
 -7.452080e+05
 -7.084247e+05
 -7.262837e+05
 -8.150607e+05
 -9.144974e+05
 -8.792410e+05
 -8.754772e+05
 -8.879411e+05
 -9.576625e+05
 -1.025143e+06
 -1.070403e+06
 -1.108806e+06
 -1.129787e+06
 -1.116620e+06
 -1.076578e+06
 -1.076524e+06
 -1.064614e+06
 -1.104559e+06
 -1.063235e+06
 -1.089946e+06
 -1.124682e+06
 -1.167241e+06
 -1.135213e+06
 -1.133920e+06
 -1.007798e+06
 -1.045309e+06
 -1.102572e+06
 -1.094218e+06
 -1.179133e+06
 -1.143197e+06
 -1.158165e+06
 -1.175275e+06
 -1.210439e+06
 -1.323268e+06
 -1.356857e+06
 -1.382872e+06
 -1.350628e+06
 -1.336008e+06
 -1.423227e+06
 -1.513859e+06
 -1.486159e+06
 -1.487942e+06
 -1.495558e+06
 -1.599961e+06
 -1.637362e+06
 -1.665872e+06
 -1.756080e+06
 -1.797259e+06
 -1.788489e+06
 -1.762243e+06
 -1.785705e+06
 -1.769431e+06
 -1.804763e+06
 -1.782660e+06
 -1.775631e+06
 -1.798717e+06
 -1.739394e+06
 -1.726630e+06
 -1.755084e+06
 -1.622377e+06
 -1.621974e+06
 -1.651469e+06
 -1.697418e+06
 -1.766127e+06
 -1.732617e+06
 -1.718934e+06
 -1.752533e+06
 -1.767566e+06
 -1.871679e+06
 -1.915183e+06
 -1.901739e+06
 -1.885048e+06
 -1.828033e+06
 -1.957157e+06
 -2.081904e+06
 -2.086702e+06
 -2.126866e+06
 -2.098085e+06
 -2.181084e+06
 -2.195130e+06
 -2.203588e+06
 -2.270991e+06
 -2.271625e+06
 -2.280741e+06
 -2.231970e+06
 -2.234021e+06
 -2.178156e+06
 -2.222186e+06
 -2.181233e+06
 -2.109056e+06
 -2.122743e+06
 -2.039653e+06
 -2.038021e+06
 -2.029846e+06
 -1.914327e+06
 -1.933575e+06
 -1.977002e+06
 -2.017247e+06
 -2.130359e+06
 -2.090514e+06
 -2.088889e+06
 -2.153396e+06
 -2.129678e+06
 -2.231093e+06
 -2.210149e+06
 -2.206840e+06
 -2.172261e+06
 -2.114374e+06
 -2.299350e+06
 -2.454518e+06
 -2.448640e+06
 -2.509224e+06
 -2.539990e+06
 -2.592902e+06
 -2.650521e+06
 -2.675676e+06
 -2.773582e+06
 -2.798701e+06
 -2.787798e+06
 -2.735680e+06
 -2.733834e+06
 -2.701472e+06
 -2.720341e+06
 -2.728153e+06
 -2.901884e+06
 -2.908410e+06
 -2.786878e+06
 -2.867957e+06
 -2.818086e+06
 -2.679810e+06
 -2.734796e+06
 -2.751657e+06
 -2.814564e+06
 -2.888389e+06
 -2.783016e+06
 -2.714515e+06
 -2.757200e+06
 -2.752788e+06
 -2.874932e+06
 -2.867565e+06
 -2.871211e+06
 -2.822408e+06
 -2.801514e+06
 -2.990095e+06
 -3.140379e+06
 -3.082918e+06
 -3.135505e+06
 -3.141947e+06
 -3.200523e+06
 -3.289237e+06
 -3.311049e+06
 -3.473445e+06
 -3.479714e+06
 -3.451813e+06
 -3.388258e+06
 -3.406430e+06
 -3.386364e+06
 -3.419580e+06
 -3.429861e+06
 -3.548020e+06
 -3.582377e+06
 -3.392013e+06
 -3.488260e+06
 -3.425005e+06
 -3.367666e+06
 -3.441662e+06
 -3.405806e+06
 -3.512827e+06
 -3.637785e+06
 -3.521943e+06
 -3.457390e+06
 -3.492068e+06
 -3.478331e+06
 -3.652653e+06
 -3.620813e+06
 -3.667422e+06
 -3.560404e+06
 -3.503107e+06
 -3.656833e+06
 -3.805057e+06
 -3.695129e+06
 -3.849314e+06
 -3.798569e+06
 -3.821828e+06
 -3.915974e+06
 -4.022681e+06
 -4.182236e+06
 -4.195111e+06
 -4.136206e+06
 -4.129554e+06
 -4.092534e+06
 -4.067645e+06
 -4.115229e+06
 -4.062458e+06
 -4.084783e+06
 -4.074882e+06
 -3.914561e+06
 -4.043240e+06
 -3.949804e+06
 -3.896428e+06
 -3.923971e+06
 -3.925768e+06
 -4.021213e+06
 -4.094375e+06
 -3.995256e+06
 -3.945143e+06
 -3.949839e+06
 -3.910157e+06
 -4.072098e+06
 -3.962170e+06
 -4.041525e+06
 -3.888004e+06
 -3.891989e+06
 -4.013272e+06
 -4.187705e+06
 -4.020911e+06
 -4.227485e+06
 -4.182929e+06
 -4.196059e+06
 -4.418890e+06
 -4.510713e+06
 -4.672436e+06
 -4.639325e+06
 -4.495197e+06
 -4.540968e+06
 -4.443946e+06
 -4.481640e+06
 -4.459898e+06
 -4.327329e+06
 -4.746125e+06
 -4.722921e+06
 -4.655696e+06
 -4.817897e+06
 -4.685971e+06
 -4.533581e+06
 -4.416105e+06
 -4.442665e+06
 -4.507799e+06
 -4.525633e+06
 -4.482417e+06
 -4.320271e+06
 -4.393049e+06
 -4.201469e+06
 -4.347450e+06
 -4.179477e+06
 -4.169755e+06
 -3.990133e+06
 -4.059529e+06
 -4.289590e+06
 -4.406171e+06
 -4.243615e+06
 -4.516574e+06
 -4.411644e+06
 -4.508348e+06
 -4.881119e+06
 -4.883295e+06
 -4.937058e+06
 -4.889482e+06
 -4.720709e+06
 -4.653377e+06
 -4.463169e+06
 -4.532662e+06
 -4.608783e+06
 -4.400798e+06
 -5.051728e+06
 -5.125344e+06
 -5.186749e+06
 -5.109058e+06
 -4.939046e+06
 -4.814476e+06
 -4.696135e+06
 -5.060902e+06
 -5.319641e+06
 -5.197720e+06
 -5.331514e+06
 -4.904164e+06
 -5.165144e+06
 -5.194621e+06
 -5.176821e+06
 -4.735382e+06
 -4.673063e+06
 -4.111741e+06
 -4.213190e+06
 -4.496191e+06
 -4.686850e+06
 -4.624139e+06
 -5.205820e+06
 -5.583795e+06
 -5.643759e+06
 -6.145194e+06
 -6.408524e+06
 -6.634298e+06
 -6.790758e+06
 -6.597763e+06
 -6.490381e+06
 -6.224249e+06
 -6.493006e+06
 -6.495099e+06
 -6.477431e+06
