 0.000000e+00
 3.473645e+04
 7.396964e+04
 1.198925e+05
 1.422597e+05
 1.692180e+05
 2.369561e+05
 2.531337e+05
 2.813734e+05
 3.443354e+05
 3.588412e+05
 3.810447e+05
 4.431212e+05
 4.557584e+05
 4.848093e+05
 5.380880e+05
 5.425518e+05
 5.737501e+05
 6.238172e+05
 6.318947e+05
 6.585375e+05
 7.032730e+05
 7.186444e+05
 7.490857e+05
 8.073928e+05
 8.216344e+05
 8.552836e+05
 9.336713e+05
 9.567703e+05
 9.831876e+05
 1.063879e+06
 1.083203e+06
 1.108008e+06
 1.187290e+06
 1.206120e+06
 1.238266e+06
 1.308421e+06
 1.324429e+06
 1.352173e+06
 1.421891e+06
 1.431875e+06
 1.460195e+06
 1.532821e+06
 1.543917e+06
 1.565203e+06
 1.631408e+06
 1.651893e+06
 1.645137e+06
 1.716644e+06
 1.760608e+06
 1.755125e+06
 1.833698e+06
 1.865256e+06
 1.867848e+06
 1.940619e+06
 1.971508e+06
 1.972516e+06
 2.058419e+06
 2.103138e+06
 2.084341e+06
 2.172969e+06
 2.208591e+06
 2.191408e+06
 2.254148e+06
 2.285398e+06
 2.277121e+06
 2.330616e+06
 2.359596e+06
 2.341798e+06
 2.404510e+06
 2.429167e+06
 2.417703e+06
 2.495514e+06
 2.500266e+06
 2.485333e+06
 2.551549e+06
 2.562239e+06
 2.558021e+06
 2.623050e+06
 2.638032e+06
 2.624354e+06
 2.717213e+06
 2.730469e+06
 2.723993e+06
 2.816792e+06
 2.819282e+06
 2.796712e+06
 2.886572e+06
 2.899241e+06
 2.876212e+06
 2.965899e+06
 2.985047e+06
 2.971750e+06
 3.069984e+06
 3.085285e+06
 3.051207e+06
 3.139546e+06
 3.157660e+06
 3.120672e+06
 3.192883e+06
 3.217518e+06
 3.187513e+06
 3.261944e+06
 3.286051e+06
 3.272229e+06
 3.357798e+06
 3.380611e+06
 3.368756e+06
 3.460542e+06
 3.481049e+06
 3.479878e+06
 3.548873e+06
 3.579843e+06
 3.565508e+06
 3.647068e+06
 3.652503e+06
 3.650336e+06
 3.713079e+06
 3.712245e+06
 3.721962e+06
 3.807220e+06
 3.783352e+06
 3.796943e+06
 3.876241e+06
 3.870115e+06
 3.889337e+06
 3.978722e+06
 3.983058e+06
 3.986176e+06
 4.081962e+06
 4.097368e+06
 4.103118e+06
 4.188870e+06
 4.222863e+06
 4.223755e+06
 4.327504e+06
 4.365419e+06
 4.362137e+06
 4.479109e+06
 4.525754e+06
 4.523344e+06
 4.624033e+06
 4.668428e+06
 4.636974e+06
 4.735385e+06
 4.780832e+06
 4.748587e+06
 4.859572e+06
 4.911030e+06
 4.867378e+06
 4.979537e+06
 5.044318e+06
 5.009663e+06
 5.109636e+06
 5.163391e+06
 5.132848e+06
 5.253205e+06
 5.323085e+06
 5.301137e+06
 5.423927e+06
 5.507264e+06
 5.466669e+06
 5.600404e+06
 5.685356e+06
 5.629720e+06
 5.740427e+06
 5.832559e+06
 5.764025e+06
 5.863916e+06
 5.938974e+06
 5.878945e+06
 5.969884e+06
 6.039442e+06
 5.985910e+06
 6.062992e+06
 6.147648e+06
 6.102016e+06
 6.171798e+06
 6.267231e+06
 6.200985e+06
 6.244349e+06
 6.339511e+06
 6.276022e+06
 6.339491e+06
 6.427830e+06
 6.355623e+06
 6.395888e+06
 6.496413e+06
 6.417047e+06
 6.474295e+06
 6.574270e+06
 6.479103e+06
 6.537960e+06
 6.636742e+06
 6.553584e+06
 6.603825e+06
 6.690899e+06
 6.602077e+06
 6.662749e+06
 6.764519e+06
 6.677785e+06
 6.752673e+06
 6.847781e+06
 6.759800e+06
 6.818468e+06
 6.941389e+06
 6.850767e+06
 6.900523e+06
 7.026069e+06
 6.938621e+06
 6.980798e+06
 7.118182e+06
 7.012296e+06
 7.084057e+06
 7.219161e+06
 7.135679e+06
 7.238798e+06
 7.364559e+06
 7.265295e+06
 7.304142e+06
 7.451777e+06
 7.355187e+06
 7.342109e+06
 7.496818e+06
 7.403162e+06
 7.392801e+06
 7.539893e+06
 7.446895e+06
 7.451107e+06
 7.621153e+06
 7.498245e+06
 7.583507e+06
 7.761305e+06
 7.637086e+06
 7.730845e+06
 7.897415e+06
 7.776831e+06
 7.946655e+06
 8.124039e+06
 7.996688e+06
 8.178348e+06
 8.355014e+06
 8.204571e+06
 8.369920e+06
 8.536346e+06
 8.382936e+06
 8.590789e+06
 8.732215e+06
 8.590975e+06
 8.753355e+06
 8.917742e+06
 8.792899e+06
 8.932170e+06
 9.099755e+06
 8.957450e+06
 9.084811e+06
 9.276562e+06
 9.117941e+06
 9.196790e+06
 9.393227e+06
 9.256611e+06
 9.382118e+06
 9.565922e+06
 9.411853e+06
 9.590632e+06
 9.791370e+06
 9.641399e+06
 9.826965e+06
 1.004126e+07
 9.870126e+06
 1.004199e+07
 1.022022e+07
 1.007488e+07
 1.023064e+07
 1.037859e+07
 1.019685e+07
 1.036746e+07
 1.052317e+07
 1.037868e+07
 1.060849e+07
 1.078843e+07
 1.062329e+07
 1.088095e+07
 1.106359e+07
 1.088203e+07
 1.115374e+07
 1.132320e+07
 1.110417e+07
 1.139465e+07
 1.156757e+07
 1.134505e+07
 1.158898e+07
 1.176247e+07
 1.152673e+07
 1.174065e+07
 1.190843e+07
 1.168834e+07
 1.184814e+07
 1.203463e+07
 1.176620e+07
 1.185021e+07
 1.204169e+07
 1.182586e+07
 1.188238e+07
 1.211284e+07
 1.187110e+07
 1.194726e+07
 1.221029e+07
 1.190167e+07
 1.182031e+07
 1.201306e+07
 1.174609e+07
 1.175843e+07
 1.186465e+07
 1.156770e+07
 1.158197e+07
 1.171080e+07
 1.132491e+07
 1.134815e+07
 1.144156e+07
 1.106626e+07
 1.099184e+07
 1.109831e+07
 1.073045e+07
 1.073836e+07
 1.085370e+07
 1.038659e+07
 1.042076e+07
 1.048537e+07
 1.005578e+07
 1.023626e+07
 1.026596e+07
 9.818545e+06
 9.915941e+06
 1.005404e+07
 9.545434e+06
 9.816068e+06
 9.770589e+06
 9.153182e+06
 9.248800e+06
 9.265245e+06
 8.730927e+06
 8.444644e+06
 8.404033e+06
 8.091188e+06
 7.443725e+06
 7.421761e+06
 7.524195e+06
 7.272589e+06
 7.528867e+06
 8.019546e+06
 8.159275e+06
 8.139058e+06
 8.149749e+06
