 1.157500e+04 1.743700e+04 1.902200e+04 4.035900e+04 4.689900e+04 5.763100e+04 8.462900e+04 9.477500e+04 1.153110e+05 1.447050e+05
 1.157500e+04 1.743700e+04 1.902200e+04 4.035900e+04 4.689900e+04 5.763100e+04 8.462900e+04 9.477500e+04 1.153110e+05 1.447050e+05
 1.157500e+04 1.743700e+04 1.902200e+04 4.035900e+04 4.689900e+04 5.763100e+04 8.462900e+04 9.477500e+04 1.153110e+05 1.447050e+05
 1.157500e+04 1.743700e+04 1.902200e+04 4.035900e+04 4.689900e+04 5.763100e+04 8.462900e+04 9.477500e+04 1.153110e+05 1.447050e+05
 1.157500e+04 1.743700e+04 1.902200e+04 4.035900e+04 4.689900e+04 5.763100e+04 8.462900e+04 9.477500e+04 1.153110e+05 1.447050e+05
 1.157500e+04 1.743700e+04 1.902200e+04 4.035900e+04 4.689900e+04 5.763100e+04 8.462900e+04 9.477500e+04 1.153110e+05 1.447050e+05
 1.157500e+04 1.743700e+04 1.902200e+04 4.035900e+04 4.689900e+04 5.763100e+04 8.462900e+04 9.477500e+04 1.153110e+05 1.447050e+05
 1.157500e+04 1.743700e+04 1.902200e+04 4.035900e+04 4.689900e+04 5.763100e+04 8.462900e+04 9.477500e+04 1.153110e+05 1.447050e+05
 1.157500e+04 1.743700e+04 1.902200e+04 4.035900e+04 4.689900e+04 5.763100e+04 8.462900e+04 9.477500e+04 1.153110e+05 1.447050e+05
 1.157500e+04 1.743700e+04 1.902200e+04 4.035900e+04 4.689900e+04 5.763100e+04 8.462900e+04 9.477500e+04 1.153110e+05 1.447050e+05
 1.157500e+04 1.743700e+04 1.902200e+04 4.035900e+04 4.689900e+04 5.763100e+04 8.462900e+04 9.477500e+04 1.153110e+05 1.447050e+05
 1.157500e+04 1.743700e+04 1.902200e+04 4.035900e+04 4.689900e+04 5.763100e+04 8.462900e+04 9.477500e+04 1.153110e+05 1.447050e+05
 1.157500e+04 1.743700e+04 1.902200e+04 4.035900e+04 4.689900e+04 5.763100e+04 8.462900e+04 9.477500e+04 1.153110e+05 1.447050e+05
 1.157500e+04 1.743700e+04 1.902200e+04 4.035900e+04 4.689900e+04 5.763100e+04 8.462900e+04 9.477500e+04 1.153110e+05 1.447050e+05
 1.157500e+04 1.743700e+04 1.902200e+04 4.035900e+04 4.689900e+04 5.763100e+04 8.462900e+04 9.477500e+04 1.153110e+05 1.447050e+05
 1.157500e+04 1.743700e+04 1.902200e+04 4.035900e+04 4.689900e+04 5.763100e+04 8.462900e+04 9.477500e+04 1.153110e+05 1.447050e+05
 1.157500e+04 1.743700e+04 1.902200e+04 4.035900e+04 4.689900e+04 5.763100e+04 8.462900e+04 9.477500e+04 1.153110e+05 1.447050e+05
 1.157500e+04 1.743700e+04 1.902200e+04 4.035900e+04 4.689900e+04 5.763100e+04 8.462900e+04 9.477500e+04 1.153110e+05 1.447050e+05
 1.157500e+04 1.743700e+04 1.902200e+04 4.035900e+04 4.689900e+04 5.763100e+04 8.462900e+04 9.477500e+04 1.153110e+05 1.447050e+05
 1.157500e+04 1.743700e+04 1.902200e+04 4.035900e+04 4.689900e+04 5.763100e+04 8.462900e+04 9.477500e+04 1.153110e+05 1.447050e+05
 1.157500e+04 1.743700e+04 1.902200e+04 4.035900e+04 4.689900e+04 5.763100e+04 8.462900e+04 9.477500e+04 1.153110e+05 1.447050e+05
 1.157500e+04 1.743700e+04 1.902200e+04 4.035900e+04 4.689900e+04 5.763100e+04 8.462900e+04 9.477500e+04 1.153110e+05 1.447050e+05
 1.157500e+04 1.743700e+04 1.902200e+04 4.035900e+04 4.689900e+04 5.763100e+04 8.462900e+04 9.477500e+04 1.153110e+05 1.447050e+05
 1.157500e+04 1.743700e+04 1.902200e+04 4.035900e+04 4.689900e+04 5.763100e+04 8.462900e+04 9.477500e+04 1.153110e+05 1.447050e+05
 1.157500e+04 1.743700e+04 1.902200e+04 4.035900e+04 4.689900e+04 5.763100e+04 8.462900e+04 9.477500e+04 1.153110e+05 1.447050e+05
 1.157500e+04 1.743700e+04 1.902200e+04 4.035900e+04 4.689900e+04 5.763100e+04 8.462900e+04 9.477500e+04 1.153110e+05 1.447050e+05
 1.157500e+04 1.743700e+04 1.902200e+04 4.035900e+04 4.689900e+04 5.763100e+04 8.462900e+04 9.477500e+04 1.153110e+05 1.447050e+05
 1.157500e+04 1.743700e+04 1.902200e+04 4.035900e+04 4.689900e+04 5.763100e+04 8.462900e+04 9.477500e+04 1.153110e+05 1.447050e+05
 1.157500e+04 1.743700e+04 1.902200e+04 4.035900e+04 4.689900e+04 5.763100e+04 8.462900e+04 9.477500e+04 1.153110e+05 1.447050e+05
 1.157500e+04 1.743700e+04 1.902200e+04 4.035900e+04 4.689900e+04 5.763100e+04 8.462900e+04 9.477500e+04 1.153110e+05 1.447050e+05
 1.157500e+04 1.743700e+04 1.902200e+04 4.035900e+04 4.689900e+04 5.763100e+04 8.462900e+04 9.477500e+04 1.153110e+05 1.447050e+05
 1.157500e+04 1.743700e+04 1.902200e+04 4.035900e+04 4.689900e+04 5.763100e+04 8.462900e+04 9.477500e+04 1.153110e+05 1.447050e+05
 1.157500e+04 1.743700e+04 1.902200e+04 4.035900e+04 4.689900e+04 5.763100e+04 8.462900e+04 9.477500e+04 1.153110e+05 1.447050e+05
 1.157500e+04 1.743700e+04 1.902200e+04 4.035900e+04 4.689900e+04 5.763100e+04 8.462900e+04 9.477500e+04 1.153110e+05 1.447050e+05
 1.157500e+04 1.743700e+04 1.902200e+04 4.035900e+04 4.689900e+04 5.763100e+04 8.462900e+04 9.477500e+04 1.153110e+05 1.447050e+05
 1.157500e+04 1.743700e+04 1.902200e+04 4.035900e+04 4.689900e+04 5.763100e+04 8.462900e+04 9.477500e+04 1.153110e+05 1.447050e+05
 1.157500e+04 1.743700e+04 1.902200e+04 4.035900e+04 4.689900e+04 5.763100e+04 8.462900e+04 9.477500e+04 1.153110e+05 1.447050e+05
 1.157500e+04 1.743700e+04 1.902200e+04 4.035900e+04 4.689900e+04 5.763100e+04 8.462900e+04 9.477500e+04 1.153110e+05 1.447050e+05
 1.157500e+04 1.743700e+04 1.902200e+04 4.035900e+04 4.689900e+04 5.763100e+04 8.462900e+04 9.477500e+04 1.153110e+05 1.447050e+05
 1.041300e+04 1.568100e+04 1.711900e+04 3.627600e+04 4.226300e+04 5.171300e+04 7.621300e+04 8.526300e+04 1.037070e+05 1.300670e+05
 1.041300e+04 1.568100e+04 1.711900e+04 3.627600e+04 4.226300e+04 5.171300e+04 7.621300e+04 8.526300e+04 1.037070e+05 1.300670e+05
 1.041300e+04 1.568100e+04 1.711900e+04 3.627600e+04 4.226300e+04 5.171300e+04 7.621300e+04 8.526300e+04 1.037070e+05 1.300670e+05
 1.041300e+04 1.568100e+04 1.711900e+04 3.627600e+04 4.226300e+04 5.171300e+04 7.621300e+04 8.526300e+04 1.037070e+05 1.300670e+05
 1.041300e+04 1.568100e+04 1.711900e+04 3.627600e+04 4.226300e+04 5.171300e+04 7.621300e+04 8.526300e+04 1.037070e+05 1.300670e+05
 1.041300e+04 1.568100e+04 1.711900e+04 3.627600e+04 4.226300e+04 5.171300e+04 7.621300e+04 8.526300e+04 1.037070e+05 1.300670e+05
 1.041300e+04 1.568100e+04 1.711900e+04 3.627600e+04 4.226300e+04 5.171300e+04 7.621300e+04 8.526300e+04 1.037070e+05 1.300670e+05
 1.041300e+04 1.568100e+04 1.711900e+04 3.627600e+04 4.226300e+04 5.171300e+04 7.621300e+04 8.526300e+04 1.037070e+05 1.300670e+05
 1.041300e+04 1.568100e+04 1.711900e+04 3.627600e+04 4.226300e+04 5.171300e+04 7.621300e+04 8.526300e+04 1.037070e+05 1.300670e+05
 1.041300e+04 1.568100e+04 1.711900e+04 3.627600e+04 4.226300e+04 5.171300e+04 7.621300e+04 8.526300e+04 1.037070e+05 1.300670e+05
 1.041300e+04 1.568100e+04 1.711900e+04 3.627600e+04 4.226300e+04 5.171300e+04 7.621300e+04 8.526300e+04 1.037070e+05 1.300670e+05
 1.041300e+04 1.568100e+04 1.711900e+04 3.627600e+04 4.226300e+04 5.171300e+04 7.621300e+04 8.526300e+04 1.037070e+05 1.300670e+05
 1.041300e+04 1.568100e+04 1.711900e+04 3.627600e+04 4.226300e+04 5.171300e+04 7.621300e+04 8.526300e+04 1.037070e+05 1.300670e+05
 1.041300e+04 1.568100e+04 1.711900e+04 3.627600e+04 4.226300e+04 5.171300e+04 7.621300e+04 8.526300e+04 1.037070e+05 1.300670e+05
 1.041300e+04 1.568100e+04 1.711900e+04 3.627600e+04 4.226300e+04 5.171300e+04 7.621300e+04 8.526300e+04 1.037070e+05 1.300670e+05
 1.041300e+04 1.568100e+04 1.711900e+04 3.627600e+04 4.226300e+04 5.171300e+04 7.621300e+04 8.526300e+04 1.037070e+05 1.300670e+05
 1.041300e+04 1.568100e+04 1.711900e+04 3.627600e+04 4.226300e+04 5.171300e+04 7.621300e+04 8.526300e+04 1.037070e+05 1.300670e+05
 1.041300e+04 1.568100e+04 1.711900e+04 3.627600e+04 4.226300e+04 5.171300e+04 7.621300e+04 8.526300e+04 1.037070e+05 1.300670e+05
 1.041300e+04 1.568100e+04 1.711900e+04 3.627600e+04 4.226300e+04 5.171300e+04 7.621300e+04 8.526300e+04 1.037070e+05 1.300670e+05
 1.041300e+04 1.568100e+04 1.711900e+04 3.627600e+04 4.226300e+04 5.171300e+04 7.621300e+04 8.526300e+04 1.037070e+05 1.300670e+05
 1.041300e+04 1.568100e+04 1.711900e+04 3.627600e+04 4.226300e+04 5.171300e+04 7.621300e+04 8.526300e+04 1.037070e+05 1.300670e+05
 1.041300e+04 1.568100e+04 1.711900e+04 3.627600e+04 4.226300e+04 5.171300e+04 7.621300e+04 8.526300e+04 1.037070e+05 1.300670e+05
 1.041300e+04 1.568100e+04 1.711900e+04 3.627600e+04 4.226300e+04 5.171300e+04 7.621300e+04 8.526300e+04 1.037070e+05 1.300670e+05
 1.041300e+04 1.568100e+04 1.711900e+04 3.627600e+04 4.226300e+04 5.171300e+04 7.621300e+04 8.526300e+04 1.037070e+05 1.300670e+05
 1.041300e+04 1.568100e+04 1.711900e+04 3.627600e+04 4.226300e+04 5.171300e+04 7.621300e+04 8.526300e+04 1.037070e+05 1.300670e+05
 1.041300e+04 1.568100e+04 1.711900e+04 3.627600e+04 4.226300e+04 5.171300e+04 7.621300e+04 8.526300e+04 1.037070e+05 1.300670e+05
 1.041300e+04 1.568100e+04 1.711900e+04 3.627600e+04 4.226300e+04 5.171300e+04 7.621300e+04 8.526300e+04 1.037070e+05 1.300670e+05
 1.041300e+04 1.568100e+04 1.711900e+04 3.627600e+04 4.226300e+04 5.171300e+04 7.621300e+04 8.526300e+04 1.037070e+05 1.300670e+05
 1.041300e+04 1.568100e+04 1.711900e+04 3.627600e+04 4.226300e+04 5.171300e+04 7.621300e+04 8.526300e+04 1.037070e+05 1.300670e+05
 1.041300e+04 1.568100e+04 1.711900e+04 3.627600e+04 4.226300e+04 5.171300e+04 7.621300e+04 8.526300e+04 1.037070e+05 1.300670e+05
 1.041300e+04 1.568100e+04 1.711900e+04 3.627600e+04 4.226300e+04 5.171300e+04 7.621300e+04 8.526300e+04 1.037070e+05 1.300670e+05
 1.041300e+04 1.568100e+04 1.711900e+04 3.627600e+04 4.226300e+04 5.171300e+04 7.621300e+04 8.526300e+04 1.037070e+05 1.300670e+05
 1.041300e+04 1.568100e+04 1.711900e+04 3.627600e+04 4.226300e+04 5.171300e+04 7.621300e+04 8.526300e+04 1.037070e+05 1.300670e+05
 1.041300e+04 1.568100e+04 1.711900e+04 3.627600e+04 4.226300e+04 5.171300e+04 7.621300e+04 8.526300e+04 1.037070e+05 1.300670e+05
 1.041300e+04 1.568100e+04 1.711900e+04 3.627600e+04 4.226300e+04 5.171300e+04 7.621300e+04 8.526300e+04 1.037070e+05 1.300670e+05
 9.236000e+03 1.396400e+04 1.514300e+04 3.223800e+04 3.757700e+04 4.583700e+04 6.774300e+04 7.573300e+04 9.204300e+04 1.154710e+05
 9.236000e+03 1.396400e+04 1.514300e+04 3.223800e+04 3.757700e+04 4.583700e+04 6.774300e+04 7.573300e+04 9.204300e+04 1.154710e+05
 9.236000e+03 1.396400e+04 1.514300e+04 3.223800e+04 3.757700e+04 4.583700e+04 6.774300e+04 7.573300e+04 9.204300e+04 1.154710e+05
 9.236000e+03 1.396400e+04 1.514300e+04 3.223800e+04 3.757700e+04 4.583700e+04 6.774300e+04 7.573300e+04 9.204300e+04 1.154710e+05
 9.236000e+03 1.396400e+04 1.514300e+04 3.223800e+04 3.757700e+04 4.583700e+04 6.774300e+04 7.573300e+04 9.204300e+04 1.154710e+05
 9.236000e+03 1.396400e+04 1.514300e+04 3.223800e+04 3.757700e+04 4.583700e+04 6.774300e+04 7.573300e+04 9.204300e+04 1.154710e+05
 9.236000e+03 1.396400e+04 1.514300e+04 3.223800e+04 3.757700e+04 4.583700e+04 6.774300e+04 7.573300e+04 9.204300e+04 1.154710e+05
 9.236000e+03 1.396400e+04 1.514300e+04 3.223800e+04 3.757700e+04 4.583700e+04 6.774300e+04 7.573300e+04 9.204300e+04 1.154710e+05
 9.236000e+03 1.396400e+04 1.514300e+04 3.223800e+04 3.757700e+04 4.583700e+04 6.774300e+04 7.573300e+04 9.204300e+04 1.154710e+05
 9.236000e+03 1.396400e+04 1.514300e+04 3.223800e+04 3.757700e+04 4.583700e+04 6.774300e+04 7.573300e+04 9.204300e+04 1.154710e+05
 9.236000e+03 1.396400e+04 1.514300e+04 3.223800e+04 3.757700e+04 4.583700e+04 6.774300e+04 7.573300e+04 9.204300e+04 1.154710e+05
 9.236000e+03 1.396400e+04 1.514300e+04 3.223800e+04 3.757700e+04 4.583700e+04 6.774300e+04 7.573300e+04 9.204300e+04 1.154710e+05
 9.236000e+03 1.396400e+04 1.514300e+04 3.223800e+04 3.757700e+04 4.583700e+04 6.774300e+04 7.573300e+04 9.204300e+04 1.154710e+05
 9.236000e+03 1.396400e+04 1.514300e+04 3.223800e+04 3.757700e+04 4.583700e+04 6.774300e+04 7.573300e+04 9.204300e+04 1.154710e+05
 9.236000e+03 1.396400e+04 1.514300e+04 3.223800e+04 3.757700e+04 4.583700e+04 6.774300e+04 7.573300e+04 9.204300e+04 1.154710e+05
 9.236000e+03 1.396400e+04 1.514300e+04 3.223800e+04 3.757700e+04 4.583700e+04 6.774300e+04 7.573300e+04 9.204300e+04 1.154710e+05
 9.236000e+03 1.396400e+04 1.514300e+04 3.223800e+04 3.757700e+04 4.583700e+04 6.774300e+04 7.573300e+04 9.204300e+04 1.154710e+05
 9.236000e+03 1.396400e+04 1.514300e+04 3.223800e+04 3.757700e+04 4.583700e+04 6.774300e+04 7.573300e+04 9.204300e+04 1.154710e+05
 9.236000e+03 1.396400e+04 1.514300e+04 3.223800e+04 3.757700e+04 4.583700e+04 6.774300e+04 7.573300e+04 9.204300e+04 1.154710e+05
 9.236000e+03 1.396400e+04 1.514300e+04 3.223800e+04 3.757700e+04 4.583700e+04 6.774300e+04 7.573300e+04 9.204300e+04 1.154710e+05
 9.236000e+03 1.396400e+04 1.514300e+04 3.223800e+04 3.757700e+04 4.583700e+04 6.774300e+04 7.573300e+04 9.204300e+04 1.154710e+05
 9.236000e+03 1.396400e+04 1.514300e+04 3.223800e+04 3.757700e+04 4.583700e+04 6.774300e+04 7.573300e+04 9.204300e+04 1.154710e+05
 9.236000e+03 1.396400e+04 1.514300e+04 3.223800e+04 3.757700e+04 4.583700e+04 6.774300e+04 7.573300e+04 9.204300e+04 1.154710e+05
 9.236000e+03 1.396400e+04 1.514300e+04 3.223800e+04 3.757700e+04 4.583700e+04 6.774300e+04 7.573300e+04 9.204300e+04 1.154710e+05
 9.236000e+03 1.396400e+04 1.514300e+04 3.223800e+04 3.757700e+04 4.583700e+04 6.774300e+04 7.573300e+04 9.204300e+04 1.154710e+05
 9.236000e+03 1.396400e+04 1.514300e+04 3.223800e+04 3.757700e+04 4.583700e+04 6.774300e+04 7.573300e+04 9.204300e+04 1.154710e+05
 9.236000e+03 1.396400e+04 1.514300e+04 3.223800e+04 3.757700e+04 4.583700e+04 6.774300e+04 7.573300e+04 9.204300e+04 1.154710e+05
 9.236000e+03 1.396400e+04 1.514300e+04 3.223800e+04 3.757700e+04 4.583700e+04 6.774300e+04 7.573300e+04 9.204300e+04 1.154710e+05
 9.236000e+03 1.396400e+04 1.514300e+04 3.223800e+04 3.757700e+04 4.583700e+04 6.774300e+04 7.573300e+04 9.204300e+04 1.154710e+05
 9.236000e+03 1.396400e+04 1.514300e+04 3.223800e+04 3.757700e+04 4.583700e+04 6.774300e+04 7.573300e+04 9.204300e+04 1.154710e+05
 9.236000e+03 1.396400e+04 1.514300e+04 3.223800e+04 3.757700e+04 4.583700e+04 6.774300e+04 7.573300e+04 9.204300e+04 1.154710e+05
 9.236000e+03 1.396400e+04 1.514300e+04 3.223800e+04 3.757700e+04 4.583700e+04 6.774300e+04 7.573300e+04 9.204300e+04 1.154710e+05
 9.236000e+03 1.396400e+04 1.514300e+04 3.223800e+04 3.757700e+04 4.583700e+04 6.774300e+04 7.573300e+04 9.204300e+04 1.154710e+05
 9.236000e+03 1.396400e+04 1.514300e+04 3.223800e+04 3.757700e+04 4.583700e+04 6.774300e+04 7.573300e+04 9.204300e+04 1.154710e+05
 9.236000e+03 1.396400e+04 1.514300e+04 3.223800e+04 3.757700e+04 4.583700e+04 6.774300e+04 7.573300e+04 9.204300e+04 1.154710e+05
 8.082000e+03 1.220900e+04 1.322800e+04 2.822100e+04 3.285900e+04 4.008800e+04 5.910700e+04 6.630200e+04 8.056700e+04 1.009020e+05
 8.082000e+03 1.220900e+04 1.322800e+04 2.822100e+04 3.285900e+04 4.008800e+04 5.910700e+04 6.630200e+04 8.056700e+04 1.009020e+05
 8.082000e+03 1.220900e+04 1.322800e+04 2.822100e+04 3.285900e+04 4.008800e+04 5.910700e+04 6.630200e+04 8.056700e+04 1.009020e+05
 8.082000e+03 1.220900e+04 1.322800e+04 2.822100e+04 3.285900e+04 4.008800e+04 5.910700e+04 6.630200e+04 8.056700e+04 1.009020e+05
 8.082000e+03 1.220900e+04 1.322800e+04 2.822100e+04 3.285900e+04 4.008800e+04 5.910700e+04 6.630200e+04 8.056700e+04 1.009020e+05
 8.082000e+03 1.220900e+04 1.322800e+04 2.822100e+04 3.285900e+04 4.008800e+04 5.910700e+04 6.630200e+04 8.056700e+04 1.009020e+05
 8.082000e+03 1.220900e+04 1.322800e+04 2.822100e+04 3.285900e+04 4.008800e+04 5.910700e+04 6.630200e+04 8.056700e+04 1.009020e+05
 8.082000e+03 1.220900e+04 1.322800e+04 2.822100e+04 3.285900e+04 4.008800e+04 5.910700e+04 6.630200e+04 8.056700e+04 1.009020e+05
 8.082000e+03 1.220900e+04 1.322800e+04 2.822100e+04 3.285900e+04 4.008800e+04 5.910700e+04 6.630200e+04 8.056700e+04 1.009020e+05
 8.082000e+03 1.220900e+04 1.322800e+04 2.822100e+04 3.285900e+04 4.008800e+04 5.910700e+04 6.630200e+04 8.056700e+04 1.009020e+05
 8.082000e+03 1.220900e+04 1.322800e+04 2.822100e+04 3.285900e+04 4.008800e+04 5.910700e+04 6.630200e+04 8.056700e+04 1.009020e+05
 8.082000e+03 1.220900e+04 1.322800e+04 2.822100e+04 3.285900e+04 4.008800e+04 5.910700e+04 6.630200e+04 8.056700e+04 1.009020e+05
 8.082000e+03 1.220900e+04 1.322800e+04 2.822100e+04 3.285900e+04 4.008800e+04 5.910700e+04 6.630200e+04 8.056700e+04 1.009020e+05
 8.082000e+03 1.220900e+04 1.322800e+04 2.822100e+04 3.285900e+04 4.008800e+04 5.910700e+04 6.630200e+04 8.056700e+04 1.009020e+05
 8.082000e+03 1.220900e+04 1.322800e+04 2.822100e+04 3.285900e+04 4.008800e+04 5.910700e+04 6.630200e+04 8.056700e+04 1.009020e+05
 8.082000e+03 1.220900e+04 1.322800e+04 2.822100e+04 3.285900e+04 4.008800e+04 5.910700e+04 6.630200e+04 8.056700e+04 1.009020e+05
 8.082000e+03 1.220900e+04 1.322800e+04 2.822100e+04 3.285900e+04 4.008800e+04 5.910700e+04 6.630200e+04 8.056700e+04 1.009020e+05
 8.082000e+03 1.220900e+04 1.322800e+04 2.822100e+04 3.285900e+04 4.008800e+04 5.910700e+04 6.630200e+04 8.056700e+04 1.009020e+05
 8.082000e+03 1.220900e+04 1.322800e+04 2.822100e+04 3.285900e+04 4.008800e+04 5.910700e+04 6.630200e+04 8.056700e+04 1.009020e+05
 8.082000e+03 1.220900e+04 1.322800e+04 2.822100e+04 3.285900e+04 4.008800e+04 5.910700e+04 6.630200e+04 8.056700e+04 1.009020e+05
 8.082000e+03 1.220900e+04 1.322800e+04 2.822100e+04 3.285900e+04 4.008800e+04 5.910700e+04 6.630200e+04 8.056700e+04 1.009020e+05
 8.082000e+03 1.220900e+04 1.322800e+04 2.822100e+04 3.285900e+04 4.008800e+04 5.910700e+04 6.630200e+04 8.056700e+04 1.009020e+05
 8.082000e+03 1.220900e+04 1.322800e+04 2.822100e+04 3.285900e+04 4.008800e+04 5.910700e+04 6.630200e+04 8.056700e+04 1.009020e+05
 8.082000e+03 1.220900e+04 1.322800e+04 2.822100e+04 3.285900e+04 4.008800e+04 5.910700e+04 6.630200e+04 8.056700e+04 1.009020e+05
 8.082000e+03 1.220900e+04 1.322800e+04 2.822100e+04 3.285900e+04 4.008800e+04 5.910700e+04 6.630200e+04 8.056700e+04 1.009020e+05
 8.082000e+03 1.220900e+04 1.322800e+04 2.822100e+04 3.285900e+04 4.008800e+04 5.910700e+04 6.630200e+04 8.056700e+04 1.009020e+05
 8.082000e+03 1.220900e+04 1.322800e+04 2.822100e+04 3.285900e+04 4.008800e+04 5.910700e+04 6.630200e+04 8.056700e+04 1.009020e+05
 8.082000e+03 1.220900e+04 1.322800e+04 2.822100e+04 3.285900e+04 4.008800e+04 5.910700e+04 6.630200e+04 8.056700e+04 1.009020e+05
 8.082000e+03 1.220900e+04 1.322800e+04 2.822100e+04 3.285900e+04 4.008800e+04 5.910700e+04 6.630200e+04 8.056700e+04 1.009020e+05
 8.082000e+03 1.220900e+04 1.322800e+04 2.822100e+04 3.285900e+04 4.008800e+04 5.910700e+04 6.630200e+04 8.056700e+04 1.009020e+05
 8.082000e+03 1.220900e+04 1.322800e+04 2.822100e+04 3.285900e+04 4.008800e+04 5.910700e+04 6.630200e+04 8.056700e+04 1.009020e+05
 8.082000e+03 1.220900e+04 1.322800e+04 2.822100e+04 3.285900e+04 4.008800e+04 5.910700e+04 6.630200e+04 8.056700e+04 1.009020e+05
 8.082000e+03 1.220900e+04 1.322800e+04 2.822100e+04 3.285900e+04 4.008800e+04 5.910700e+04 6.630200e+04 8.056700e+04 1.009020e+05
 8.082000e+03 1.220900e+04 1.322800e+04 2.822100e+04 3.285900e+04 4.008800e+04 5.910700e+04 6.630200e+04 8.056700e+04 1.009020e+05
 8.082000e+03 1.220900e+04 1.322800e+04 2.822100e+04 3.285900e+04 4.008800e+04 5.910700e+04 6.630200e+04 8.056700e+04 1.009020e+05
 6.944000e+03 1.044700e+04 1.130600e+04 2.428700e+04 2.814200e+04 3.438800e+04 5.068700e+04 5.681200e+04 6.913700e+04 8.663400e+04
 6.944000e+03 1.044700e+04 1.130600e+04 2.428700e+04 2.814200e+04 3.438800e+04 5.068700e+04 5.681200e+04 6.913700e+04 8.663400e+04
 6.944000e+03 1.044700e+04 1.130600e+04 2.428700e+04 2.814200e+04 3.438800e+04 5.068700e+04 5.681200e+04 6.913700e+04 8.663400e+04
 6.944000e+03 1.044700e+04 1.130600e+04 2.428700e+04 2.814200e+04 3.438800e+04 5.068700e+04 5.681200e+04 6.913700e+04 8.663400e+04
 6.944000e+03 1.044700e+04 1.130600e+04 2.428700e+04 2.814200e+04 3.438800e+04 5.068700e+04 5.681200e+04 6.913700e+04 8.663400e+04
 6.944000e+03 1.044700e+04 1.130600e+04 2.428700e+04 2.814200e+04 3.438800e+04 5.068700e+04 5.681200e+04 6.913700e+04 8.663400e+04
 6.944000e+03 1.044700e+04 1.130600e+04 2.428700e+04 2.814200e+04 3.438800e+04 5.068700e+04 5.681200e+04 6.913700e+04 8.663400e+04
 6.944000e+03 1.044700e+04 1.130600e+04 2.428700e+04 2.814200e+04 3.438800e+04 5.068700e+04 5.681200e+04 6.913700e+04 8.663400e+04
 6.944000e+03 1.044700e+04 1.130600e+04 2.428700e+04 2.814200e+04 3.438800e+04 5.068700e+04 5.681200e+04 6.913700e+04 8.663400e+04
 6.944000e+03 1.044700e+04 1.130600e+04 2.428700e+04 2.814200e+04 3.438800e+04 5.068700e+04 5.681200e+04 6.913700e+04 8.663400e+04
 6.944000e+03 1.044700e+04 1.130600e+04 2.428700e+04 2.814200e+04 3.438800e+04 5.068700e+04 5.681200e+04 6.913700e+04 8.663400e+04
 6.944000e+03 1.044700e+04 1.130600e+04 2.428700e+04 2.814200e+04 3.438800e+04 5.068700e+04 5.681200e+04 6.913700e+04 8.663400e+04
 6.944000e+03 1.044700e+04 1.130600e+04 2.428700e+04 2.814200e+04 3.438800e+04 5.068700e+04 5.681200e+04 6.913700e+04 8.663400e+04
 6.944000e+03 1.044700e+04 1.130600e+04 2.428700e+04 2.814200e+04 3.438800e+04 5.068700e+04 5.681200e+04 6.913700e+04 8.663400e+04
 6.944000e+03 1.044700e+04 1.130600e+04 2.428700e+04 2.814200e+04 3.438800e+04 5.068700e+04 5.681200e+04 6.913700e+04 8.663400e+04
 6.944000e+03 1.044700e+04 1.130600e+04 2.428700e+04 2.814200e+04 3.438800e+04 5.068700e+04 5.681200e+04 6.913700e+04 8.663400e+04
 6.944000e+03 1.044700e+04 1.130600e+04 2.428700e+04 2.814200e+04 3.438800e+04 5.068700e+04 5.681200e+04 6.913700e+04 8.663400e+04
 6.944000e+03 1.044700e+04 1.130600e+04 2.428700e+04 2.814200e+04 3.438800e+04 5.068700e+04 5.681200e+04 6.913700e+04 8.663400e+04
 6.944000e+03 1.044700e+04 1.130600e+04 2.428700e+04 2.814200e+04 3.438800e+04 5.068700e+04 5.681200e+04 6.913700e+04 8.663400e+04
 6.944000e+03 1.044700e+04 1.130600e+04 2.428700e+04 2.814200e+04 3.438800e+04 5.068700e+04 5.681200e+04 6.913700e+04 8.663400e+04
 6.944000e+03 1.044700e+04 1.130600e+04 2.428700e+04 2.814200e+04 3.438800e+04 5.068700e+04 5.681200e+04 6.913700e+04 8.663400e+04
 6.944000e+03 1.044700e+04 1.130600e+04 2.428700e+04 2.814200e+04 3.438800e+04 5.068700e+04 5.681200e+04 6.913700e+04 8.663400e+04
 6.944000e+03 1.044700e+04 1.130600e+04 2.428700e+04 2.814200e+04 3.438800e+04 5.068700e+04 5.681200e+04 6.913700e+04 8.663400e+04
 6.944000e+03 1.044700e+04 1.130600e+04 2.428700e+04 2.814200e+04 3.438800e+04 5.068700e+04 5.681200e+04 6.913700e+04 8.663400e+04
 6.944000e+03 1.044700e+04 1.130600e+04 2.428700e+04 2.814200e+04 3.438800e+04 5.068700e+04 5.681200e+04 6.913700e+04 8.663400e+04
 6.944000e+03 1.044700e+04 1.130600e+04 2.428700e+04 2.814200e+04 3.438800e+04 5.068700e+04 5.681200e+04 6.913700e+04 8.663400e+04
 6.944000e+03 1.044700e+04 1.130600e+04 2.428700e+04 2.814200e+04 3.438800e+04 5.068700e+04 5.681200e+04 6.913700e+04 8.663400e+04
 6.944000e+03 1.044700e+04 1.130600e+04 2.428700e+04 2.814200e+04 3.438800e+04 5.068700e+04 5.681200e+04 6.913700e+04 8.663400e+04
 6.944000e+03 1.044700e+04 1.130600e+04 2.428700e+04 2.814200e+04 3.438800e+04 5.068700e+04 5.681200e+04 6.913700e+04 8.663400e+04
 6.944000e+03 1.044700e+04 1.130600e+04 2.428700e+04 2.814200e+04 3.438800e+04 5.068700e+04 5.681200e+04 6.913700e+04 8.663400e+04
 6.944000e+03 1.044700e+04 1.130600e+04 2.428700e+04 2.814200e+04 3.438800e+04 5.068700e+04 5.681200e+04 6.913700e+04 8.663400e+04
 6.944000e+03 1.044700e+04 1.130600e+04 2.428700e+04 2.814200e+04 3.438800e+04 5.068700e+04 5.681200e+04 6.913700e+04 8.663400e+04
 6.944000e+03 1.044700e+04 1.130600e+04 2.428700e+04 2.814200e+04 3.438800e+04 5.068700e+04 5.681200e+04 6.913700e+04 8.663400e+04
 6.944000e+03 1.044700e+04 1.130600e+04 2.428700e+04 2.814200e+04 3.438800e+04 5.068700e+04 5.681200e+04 6.913700e+04 8.663400e+04
 6.944000e+03 1.044700e+04 1.130600e+04 2.428700e+04 2.814200e+04 3.438800e+04 5.068700e+04 5.681200e+04 6.913700e+04 8.663400e+04
 5.780000e+03 8.731000e+03 9.404000e+03 2.024900e+04 2.343400e+04 2.865800e+04 4.233000e+04 4.721400e+04 5.768700e+04 7.228600e+04
 5.780000e+03 8.731000e+03 9.404000e+03 2.024900e+04 2.343400e+04 2.865800e+04 4.233000e+04 4.721400e+04 5.768700e+04 7.228600e+04
 5.780000e+03 8.731000e+03 9.404000e+03 2.024900e+04 2.343400e+04 2.865800e+04 4.233000e+04 4.721400e+04 5.768700e+04 7.228600e+04
 5.780000e+03 8.731000e+03 9.404000e+03 2.024900e+04 2.343400e+04 2.865800e+04 4.233000e+04 4.721400e+04 5.768700e+04 7.228600e+04
 5.780000e+03 8.731000e+03 9.404000e+03 2.024900e+04 2.343400e+04 2.865800e+04 4.233000e+04 4.721400e+04 5.768700e+04 7.228600e+04
 5.780000e+03 8.731000e+03 9.404000e+03 2.024900e+04 2.343400e+04 2.865800e+04 4.233000e+04 4.721400e+04 5.768700e+04 7.228600e+04
 5.780000e+03 8.731000e+03 9.404000e+03 2.024900e+04 2.343400e+04 2.865800e+04 4.233000e+04 4.721400e+04 5.768700e+04 7.228600e+04
 5.780000e+03 8.731000e+03 9.404000e+03 2.024900e+04 2.343400e+04 2.865800e+04 4.233000e+04 4.721400e+04 5.768700e+04 7.228600e+04
 5.780000e+03 8.731000e+03 9.404000e+03 2.024900e+04 2.343400e+04 2.865800e+04 4.233000e+04 4.721400e+04 5.768700e+04 7.228600e+04
 5.780000e+03 8.731000e+03 9.404000e+03 2.024900e+04 2.343400e+04 2.865800e+04 4.233000e+04 4.721400e+04 5.768700e+04 7.228600e+04
 5.780000e+03 8.731000e+03 9.404000e+03 2.024900e+04 2.343400e+04 2.865800e+04 4.233000e+04 4.721400e+04 5.768700e+04 7.228600e+04
 5.780000e+03 8.731000e+03 9.404000e+03 2.024900e+04 2.343400e+04 2.865800e+04 4.233000e+04 4.721400e+04 5.768700e+04 7.228600e+04
 5.780000e+03 8.731000e+03 9.404000e+03 2.024900e+04 2.343400e+04 2.865800e+04 4.233000e+04 4.721400e+04 5.768700e+04 7.228600e+04
 5.780000e+03 8.731000e+03 9.404000e+03 2.024900e+04 2.343400e+04 2.865800e+04 4.233000e+04 4.721400e+04 5.768700e+04 7.228600e+04
 5.780000e+03 8.731000e+03 9.404000e+03 2.024900e+04 2.343400e+04 2.865800e+04 4.233000e+04 4.721400e+04 5.768700e+04 7.228600e+04
 5.780000e+03 8.731000e+03 9.404000e+03 2.024900e+04 2.343400e+04 2.865800e+04 4.233000e+04 4.721400e+04 5.768700e+04 7.228600e+04
 5.780000e+03 8.731000e+03 9.404000e+03 2.024900e+04 2.343400e+04 2.865800e+04 4.233000e+04 4.721400e+04 5.768700e+04 7.228600e+04
 5.780000e+03 8.731000e+03 9.404000e+03 2.024900e+04 2.343400e+04 2.865800e+04 4.233000e+04 4.721400e+04 5.768700e+04 7.228600e+04
 5.780000e+03 8.731000e+03 9.404000e+03 2.024900e+04 2.343400e+04 2.865800e+04 4.233000e+04 4.721400e+04 5.768700e+04 7.228600e+04
 5.780000e+03 8.731000e+03 9.404000e+03 2.024900e+04 2.343400e+04 2.865800e+04 4.233000e+04 4.721400e+04 5.768700e+04 7.228600e+04
 5.780000e+03 8.731000e+03 9.404000e+03 2.024900e+04 2.343400e+04 2.865800e+04 4.233000e+04 4.721400e+04 5.768700e+04 7.228600e+04
 5.780000e+03 8.731000e+03 9.404000e+03 2.024900e+04 2.343400e+04 2.865800e+04 4.233000e+04 4.721400e+04 5.768700e+04 7.228600e+04
 5.780000e+03 8.731000e+03 9.404000e+03 2.024900e+04 2.343400e+04 2.865800e+04 4.233000e+04 4.721400e+04 5.768700e+04 7.228600e+04
 5.780000e+03 8.731000e+03 9.404000e+03 2.024900e+04 2.343400e+04 2.865800e+04 4.233000e+04 4.721400e+04 5.768700e+04 7.228600e+04
 5.780000e+03 8.731000e+03 9.404000e+03 2.024900e+04 2.343400e+04 2.865800e+04 4.233000e+04 4.721400e+04 5.768700e+04 7.228600e+04
 5.780000e+03 8.731000e+03 9.404000e+03 2.024900e+04 2.343400e+04 2.865800e+04 4.233000e+04 4.721400e+04 5.768700e+04 7.228600e+04
 5.780000e+03 8.731000e+03 9.404000e+03 2.024900e+04 2.343400e+04 2.865800e+04 4.233000e+04 4.721400e+04 5.768700e+04 7.228600e+04
 5.780000e+03 8.731000e+03 9.404000e+03 2.024900e+04 2.343400e+04 2.865800e+04 4.233000e+04 4.721400e+04 5.768700e+04 7.228600e+04
 5.780000e+03 8.731000e+03 9.404000e+03 2.024900e+04 2.343400e+04 2.865800e+04 4.233000e+04 4.721400e+04 5.768700e+04 7.228600e+04
 5.780000e+03 8.731000e+03 9.404000e+03 2.024900e+04 2.343400e+04 2.865800e+04 4.233000e+04 4.721400e+04 5.768700e+04 7.228600e+04
 5.780000e+03 8.731000e+03 9.404000e+03 2.024900e+04 2.343400e+04 2.865800e+04 4.233000e+04 4.721400e+04 5.768700e+04 7.228600e+04
 5.780000e+03 8.731000e+03 9.404000e+03 2.024900e+04 2.343400e+04 2.865800e+04 4.233000e+04 4.721400e+04 5.768700e+04 7.228600e+04
 5.780000e+03 8.731000e+03 9.404000e+03 2.024900e+04 2.343400e+04 2.865800e+04 4.233000e+04 4.721400e+04 5.768700e+04 7.228600e+04
 5.780000e+03 8.731000e+03 9.404000e+03 2.024900e+04 2.343400e+04 2.865800e+04 4.233000e+04 4.721400e+04 5.768700e+04 7.228600e+04
 5.780000e+03 8.731000e+03 9.404000e+03 2.024900e+04 2.343400e+04 2.865800e+04 4.233000e+04 4.721400e+04 5.768700e+04 7.228600e+04
 4.627000e+03 6.961000e+03 7.562000e+03 1.621600e+04 1.874400e+04 2.293300e+04 3.389800e+04 3.774500e+04 4.608200e+04 5.792400e+04
 4.627000e+03 6.961000e+03 7.562000e+03 1.621600e+04 1.874400e+04 2.293300e+04 3.389800e+04 3.774500e+04 4.608200e+04 5.792400e+04
 4.627000e+03 6.961000e+03 7.562000e+03 1.621600e+04 1.874400e+04 2.293300e+04 3.389800e+04 3.774500e+04 4.608200e+04 5.792400e+04
 4.627000e+03 6.961000e+03 7.562000e+03 1.621600e+04 1.874400e+04 2.293300e+04 3.389800e+04 3.774500e+04 4.608200e+04 5.792400e+04
 4.627000e+03 6.961000e+03 7.562000e+03 1.621600e+04 1.874400e+04 2.293300e+04 3.389800e+04 3.774500e+04 4.608200e+04 5.792400e+04
 4.627000e+03 6.961000e+03 7.562000e+03 1.621600e+04 1.874400e+04 2.293300e+04 3.389800e+04 3.774500e+04 4.608200e+04 5.792400e+04
 4.627000e+03 6.961000e+03 7.562000e+03 1.621600e+04 1.874400e+04 2.293300e+04 3.389800e+04 3.774500e+04 4.608200e+04 5.792400e+04
 4.627000e+03 6.961000e+03 7.562000e+03 1.621600e+04 1.874400e+04 2.293300e+04 3.389800e+04 3.774500e+04 4.608200e+04 5.792400e+04
 4.627000e+03 6.961000e+03 7.562000e+03 1.621600e+04 1.874400e+04 2.293300e+04 3.389800e+04 3.774500e+04 4.608200e+04 5.792400e+04
 4.627000e+03 6.961000e+03 7.562000e+03 1.621600e+04 1.874400e+04 2.293300e+04 3.389800e+04 3.774500e+04 4.608200e+04 5.792400e+04
 4.627000e+03 6.961000e+03 7.562000e+03 1.621600e+04 1.874400e+04 2.293300e+04 3.389800e+04 3.774500e+04 4.608200e+04 5.792400e+04
 4.627000e+03 6.961000e+03 7.562000e+03 1.621600e+04 1.874400e+04 2.293300e+04 3.389800e+04 3.774500e+04 4.608200e+04 5.792400e+04
 4.627000e+03 6.961000e+03 7.562000e+03 1.621600e+04 1.874400e+04 2.293300e+04 3.389800e+04 3.774500e+04 4.608200e+04 5.792400e+04
 4.627000e+03 6.961000e+03 7.562000e+03 1.621600e+04 1.874400e+04 2.293300e+04 3.389800e+04 3.774500e+04 4.608200e+04 5.792400e+04
 4.627000e+03 6.961000e+03 7.562000e+03 1.621600e+04 1.874400e+04 2.293300e+04 3.389800e+04 3.774500e+04 4.608200e+04 5.792400e+04
 4.627000e+03 6.961000e+03 7.562000e+03 1.621600e+04 1.874400e+04 2.293300e+04 3.389800e+04 3.774500e+04 4.608200e+04 5.792400e+04
 4.627000e+03 6.961000e+03 7.562000e+03 1.621600e+04 1.874400e+04 2.293300e+04 3.389800e+04 3.774500e+04 4.608200e+04 5.792400e+04
 4.627000e+03 6.961000e+03 7.562000e+03 1.621600e+04 1.874400e+04 2.293300e+04 3.389800e+04 3.774500e+04 4.608200e+04 5.792400e+04
 4.627000e+03 6.961000e+03 7.562000e+03 1.621600e+04 1.874400e+04 2.293300e+04 3.389800e+04 3.774500e+04 4.608200e+04 5.792400e+04
 4.627000e+03 6.961000e+03 7.562000e+03 1.621600e+04 1.874400e+04 2.293300e+04 3.389800e+04 3.774500e+04 4.608200e+04 5.792400e+04
 4.627000e+03 6.961000e+03 7.562000e+03 1.621600e+04 1.874400e+04 2.293300e+04 3.389800e+04 3.774500e+04 4.608200e+04 5.792400e+04
 4.627000e+03 6.961000e+03 7.562000e+03 1.621600e+04 1.874400e+04 2.293300e+04 3.389800e+04 3.774500e+04 4.608200e+04 5.792400e+04
 4.627000e+03 6.961000e+03 7.562000e+03 1.621600e+04 1.874400e+04 2.293300e+04 3.389800e+04 3.774500e+04 4.608200e+04 5.792400e+04
 4.627000e+03 6.961000e+03 7.562000e+03 1.621600e+04 1.874400e+04 2.293300e+04 3.389800e+04 3.774500e+04 4.608200e+04 5.792400e+04
 4.627000e+03 6.961000e+03 7.562000e+03 1.621600e+04 1.874400e+04 2.293300e+04 3.389800e+04 3.774500e+04 4.608200e+04 5.792400e+04
 4.627000e+03 6.961000e+03 7.562000e+03 1.621600e+04 1.874400e+04 2.293300e+04 3.389800e+04 3.774500e+04 4.608200e+04 5.792400e+04
 4.627000e+03 6.961000e+03 7.562000e+03 1.621600e+04 1.874400e+04 2.293300e+04 3.389800e+04 3.774500e+04 4.608200e+04 5.792400e+04
 4.627000e+03 6.961000e+03 7.562000e+03 1.621600e+04 1.874400e+04 2.293300e+04 3.389800e+04 3.774500e+04 4.608200e+04 5.792400e+04
 4.627000e+03 6.961000e+03 7.562000e+03 1.621600e+04 1.874400e+04 2.293300e+04 3.389800e+04 3.774500e+04 4.608200e+04 5.792400e+04
 4.627000e+03 6.961000e+03 7.562000e+03 1.621600e+04 1.874400e+04 2.293300e+04 3.389800e+04 3.774500e+04 4.608200e+04 5.792400e+04
 4.627000e+03 6.961000e+03 7.562000e+03 1.621600e+04 1.874400e+04 2.293300e+04 3.389800e+04 3.774500e+04 4.608200e+04 5.792400e+04
 4.627000e+03 6.961000e+03 7.562000e+03 1.621600e+04 1.874400e+04 2.293300e+04 3.389800e+04 3.774500e+04 4.608200e+04 5.792400e+04
 4.627000e+03 6.961000e+03 7.562000e+03 1.621600e+04 1.874400e+04 2.293300e+04 3.389800e+04 3.774500e+04 4.608200e+04 5.792400e+04
 4.627000e+03 6.961000e+03 7.562000e+03 1.621600e+04 1.874400e+04 2.293300e+04 3.389800e+04 3.774500e+04 4.608200e+04 5.792400e+04
 4.627000e+03 6.961000e+03 7.562000e+03 1.621600e+04 1.874400e+04 2.293300e+04 3.389800e+04 3.774500e+04 4.608200e+04 5.792400e+04
 3.451000e+03 5.243000e+03 5.670000e+03 1.217700e+04 1.401500e+04 1.719000e+04 2.557900e+04 2.822100e+04 3.456500e+04 4.346700e+04
 3.451000e+03 5.243000e+03 5.670000e+03 1.217700e+04 1.401500e+04 1.719000e+04 2.557900e+04 2.822100e+04 3.456500e+04 4.346700e+04
 3.451000e+03 5.243000e+03 5.670000e+03 1.217700e+04 1.401500e+04 1.719000e+04 2.557900e+04 2.822100e+04 3.456500e+04 4.346700e+04
 3.451000e+03 5.243000e+03 5.670000e+03 1.217700e+04 1.401500e+04 1.719000e+04 2.557900e+04 2.822100e+04 3.456500e+04 4.346700e+04
 3.451000e+03 5.243000e+03 5.670000e+03 1.217700e+04 1.401500e+04 1.719000e+04 2.557900e+04 2.822100e+04 3.456500e+04 4.346700e+04
 3.451000e+03 5.243000e+03 5.670000e+03 1.217700e+04 1.401500e+04 1.719000e+04 2.557900e+04 2.822100e+04 3.456500e+04 4.346700e+04
 3.451000e+03 5.243000e+03 5.670000e+03 1.217700e+04 1.401500e+04 1.719000e+04 2.557900e+04 2.822100e+04 3.456500e+04 4.346700e+04
 3.451000e+03 5.243000e+03 5.670000e+03 1.217700e+04 1.401500e+04 1.719000e+04 2.557900e+04 2.822100e+04 3.456500e+04 4.346700e+04
 3.451000e+03 5.243000e+03 5.670000e+03 1.217700e+04 1.401500e+04 1.719000e+04 2.557900e+04 2.822100e+04 3.456500e+04 4.346700e+04
 3.451000e+03 5.243000e+03 5.670000e+03 1.217700e+04 1.401500e+04 1.719000e+04 2.557900e+04 2.822100e+04 3.456500e+04 4.346700e+04
 3.451000e+03 5.243000e+03 5.670000e+03 1.217700e+04 1.401500e+04 1.719000e+04 2.557900e+04 2.822100e+04 3.456500e+04 4.346700e+04
 3.451000e+03 5.243000e+03 5.670000e+03 1.217700e+04 1.401500e+04 1.719000e+04 2.557900e+04 2.822100e+04 3.456500e+04 4.346700e+04
 3.451000e+03 5.243000e+03 5.670000e+03 1.217700e+04 1.401500e+04 1.719000e+04 2.557900e+04 2.822100e+04 3.456500e+04 4.346700e+04
 3.451000e+03 5.243000e+03 5.670000e+03 1.217700e+04 1.401500e+04 1.719000e+04 2.557900e+04 2.822100e+04 3.456500e+04 4.346700e+04
 3.451000e+03 5.243000e+03 5.670000e+03 1.217700e+04 1.401500e+04 1.719000e+04 2.557900e+04 2.822100e+04 3.456500e+04 4.346700e+04
 3.451000e+03 5.243000e+03 5.670000e+03 1.217700e+04 1.401500e+04 1.719000e+04 2.557900e+04 2.822100e+04 3.456500e+04 4.346700e+04
 3.451000e+03 5.243000e+03 5.670000e+03 1.217700e+04 1.401500e+04 1.719000e+04 2.557900e+04 2.822100e+04 3.456500e+04 4.346700e+04
 3.451000e+03 5.243000e+03 5.670000e+03 1.217700e+04 1.401500e+04 1.719000e+04 2.557900e+04 2.822100e+04 3.456500e+04 4.346700e+04
 3.451000e+03 5.243000e+03 5.670000e+03 1.217700e+04 1.401500e+04 1.719000e+04 2.557900e+04 2.822100e+04 3.456500e+04 4.346700e+04
 3.451000e+03 5.243000e+03 5.670000e+03 1.217700e+04 1.401500e+04 1.719000e+04 2.557900e+04 2.822100e+04 3.456500e+04 4.346700e+04
 3.451000e+03 5.243000e+03 5.670000e+03 1.217700e+04 1.401500e+04 1.719000e+04 2.557900e+04 2.822100e+04 3.456500e+04 4.346700e+04
 3.451000e+03 5.243000e+03 5.670000e+03 1.217700e+04 1.401500e+04 1.719000e+04 2.557900e+04 2.822100e+04 3.456500e+04 4.346700e+04
 3.451000e+03 5.243000e+03 5.670000e+03 1.217700e+04 1.401500e+04 1.719000e+04 2.557900e+04 2.822100e+04 3.456500e+04 4.346700e+04
 3.451000e+03 5.243000e+03 5.670000e+03 1.217700e+04 1.401500e+04 1.719000e+04 2.557900e+04 2.822100e+04 3.456500e+04 4.346700e+04
 3.451000e+03 5.243000e+03 5.670000e+03 1.217700e+04 1.401500e+04 1.719000e+04 2.557900e+04 2.822100e+04 3.456500e+04 4.346700e+04
 3.451000e+03 5.243000e+03 5.670000e+03 1.217700e+04 1.401500e+04 1.719000e+04 2.557900e+04 2.822100e+04 3.456500e+04 4.346700e+04
 3.451000e+03 5.243000e+03 5.670000e+03 1.217700e+04 1.401500e+04 1.719000e+04 2.557900e+04 2.822100e+04 3.456500e+04 4.346700e+04
 3.451000e+03 5.243000e+03 5.670000e+03 1.217700e+04 1.401500e+04 1.719000e+04 2.557900e+04 2.822100e+04 3.456500e+04 4.346700e+04
 3.451000e+03 5.243000e+03 5.670000e+03 1.217700e+04 1.401500e+04 1.719000e+04 2.557900e+04 2.822100e+04 3.456500e+04 4.346700e+04
 3.451000e+03 5.243000e+03 5.670000e+03 1.217700e+04 1.401500e+04 1.719000e+04 2.557900e+04 2.822100e+04 3.456500e+04 4.346700e+04
 3.451000e+03 5.243000e+03 5.670000e+03 1.217700e+04 1.401500e+04 1.719000e+04 2.557900e+04 2.822100e+04 3.456500e+04 4.346700e+04
 3.451000e+03 5.243000e+03 5.670000e+03 1.217700e+04 1.401500e+04 1.719000e+04 2.557900e+04 2.822100e+04 3.456500e+04 4.346700e+04
 3.451000e+03 5.243000e+03 5.670000e+03 1.217700e+04 1.401500e+04 1.719000e+04 2.557900e+04 2.822100e+04 3.456500e+04 4.346700e+04
 3.451000e+03 5.243000e+03 5.670000e+03 1.217700e+04 1.401500e+04 1.719000e+04 2.557900e+04 2.822100e+04 3.456500e+04 4.346700e+04
 3.451000e+03 5.243000e+03 5.670000e+03 1.217700e+04 1.401500e+04 1.719000e+04 2.557900e+04 2.822100e+04 3.456500e+04 4.346700e+04
 2.306000e+03 3.493000e+03 3.752000e+03 8.066000e+03 9.338000e+03 1.144800e+04 1.699700e+04 1.873600e+04 2.306100e+04 2.889800e+04
 2.306000e+03 3.493000e+03 3.752000e+03 8.066000e+03 9.338000e+03 1.144800e+04 1.699700e+04 1.873600e+04 2.306100e+04 2.889800e+04
 2.306000e+03 3.493000e+03 3.752000e+03 8.066000e+03 9.338000e+03 1.144800e+04 1.699700e+04 1.873600e+04 2.306100e+04 2.889800e+04
 2.306000e+03 3.493000e+03 3.752000e+03 8.066000e+03 9.338000e+03 1.144800e+04 1.699700e+04 1.873600e+04 2.306100e+04 2.889800e+04
 2.306000e+03 3.493000e+03 3.752000e+03 8.066000e+03 9.338000e+03 1.144800e+04 1.699700e+04 1.873600e+04 2.306100e+04 2.889800e+04
 2.306000e+03 3.493000e+03 3.752000e+03 8.066000e+03 9.338000e+03 1.144800e+04 1.699700e+04 1.873600e+04 2.306100e+04 2.889800e+04
 2.306000e+03 3.493000e+03 3.752000e+03 8.066000e+03 9.338000e+03 1.144800e+04 1.699700e+04 1.873600e+04 2.306100e+04 2.889800e+04
 2.306000e+03 3.493000e+03 3.752000e+03 8.066000e+03 9.338000e+03 1.144800e+04 1.699700e+04 1.873600e+04 2.306100e+04 2.889800e+04
 2.306000e+03 3.493000e+03 3.752000e+03 8.066000e+03 9.338000e+03 1.144800e+04 1.699700e+04 1.873600e+04 2.306100e+04 2.889800e+04
 2.306000e+03 3.493000e+03 3.752000e+03 8.066000e+03 9.338000e+03 1.144800e+04 1.699700e+04 1.873600e+04 2.306100e+04 2.889800e+04
 2.306000e+03 3.493000e+03 3.752000e+03 8.066000e+03 9.338000e+03 1.144800e+04 1.699700e+04 1.873600e+04 2.306100e+04 2.889800e+04
 2.306000e+03 3.493000e+03 3.752000e+03 8.066000e+03 9.338000e+03 1.144800e+04 1.699700e+04 1.873600e+04 2.306100e+04 2.889800e+04
 2.306000e+03 3.493000e+03 3.752000e+03 8.066000e+03 9.338000e+03 1.144800e+04 1.699700e+04 1.873600e+04 2.306100e+04 2.889800e+04
 2.306000e+03 3.493000e+03 3.752000e+03 8.066000e+03 9.338000e+03 1.144800e+04 1.699700e+04 1.873600e+04 2.306100e+04 2.889800e+04
 2.306000e+03 3.493000e+03 3.752000e+03 8.066000e+03 9.338000e+03 1.144800e+04 1.699700e+04 1.873600e+04 2.306100e+04 2.889800e+04
 2.306000e+03 3.493000e+03 3.752000e+03 8.066000e+03 9.338000e+03 1.144800e+04 1.699700e+04 1.873600e+04 2.306100e+04 2.889800e+04
 2.306000e+03 3.493000e+03 3.752000e+03 8.066000e+03 9.338000e+03 1.144800e+04 1.699700e+04 1.873600e+04 2.306100e+04 2.889800e+04
 2.306000e+03 3.493000e+03 3.752000e+03 8.066000e+03 9.338000e+03 1.144800e+04 1.699700e+04 1.873600e+04 2.306100e+04 2.889800e+04
 2.306000e+03 3.493000e+03 3.752000e+03 8.066000e+03 9.338000e+03 1.144800e+04 1.699700e+04 1.873600e+04 2.306100e+04 2.889800e+04
 2.306000e+03 3.493000e+03 3.752000e+03 8.066000e+03 9.338000e+03 1.144800e+04 1.699700e+04 1.873600e+04 2.306100e+04 2.889800e+04
 2.306000e+03 3.493000e+03 3.752000e+03 8.066000e+03 9.338000e+03 1.144800e+04 1.699700e+04 1.873600e+04 2.306100e+04 2.889800e+04
 2.306000e+03 3.493000e+03 3.752000e+03 8.066000e+03 9.338000e+03 1.144800e+04 1.699700e+04 1.873600e+04 2.306100e+04 2.889800e+04
 2.306000e+03 3.493000e+03 3.752000e+03 8.066000e+03 9.338000e+03 1.144800e+04 1.699700e+04 1.873600e+04 2.306100e+04 2.889800e+04
 2.306000e+03 3.493000e+03 3.752000e+03 8.066000e+03 9.338000e+03 1.144800e+04 1.699700e+04 1.873600e+04 2.306100e+04 2.889800e+04
 2.306000e+03 3.493000e+03 3.752000e+03 8.066000e+03 9.338000e+03 1.144800e+04 1.699700e+04 1.873600e+04 2.306100e+04 2.889800e+04
 2.306000e+03 3.493000e+03 3.752000e+03 8.066000e+03 9.338000e+03 1.144800e+04 1.699700e+04 1.873600e+04 2.306100e+04 2.889800e+04
 2.306000e+03 3.493000e+03 3.752000e+03 8.066000e+03 9.338000e+03 1.144800e+04 1.699700e+04 1.873600e+04 2.306100e+04 2.889800e+04
 2.306000e+03 3.493000e+03 3.752000e+03 8.066000e+03 9.338000e+03 1.144800e+04 1.699700e+04 1.873600e+04 2.306100e+04 2.889800e+04
 2.306000e+03 3.493000e+03 3.752000e+03 8.066000e+03 9.338000e+03 1.144800e+04 1.699700e+04 1.873600e+04 2.306100e+04 2.889800e+04
 2.306000e+03 3.493000e+03 3.752000e+03 8.066000e+03 9.338000e+03 1.144800e+04 1.699700e+04 1.873600e+04 2.306100e+04 2.889800e+04
 2.306000e+03 3.493000e+03 3.752000e+03 8.066000e+03 9.338000e+03 1.144800e+04 1.699700e+04 1.873600e+04 2.306100e+04 2.889800e+04
 2.306000e+03 3.493000e+03 3.752000e+03 8.066000e+03 9.338000e+03 1.144800e+04 1.699700e+04 1.873600e+04 2.306100e+04 2.889800e+04
 2.306000e+03 3.493000e+03 3.752000e+03 8.066000e+03 9.338000e+03 1.144800e+04 1.699700e+04 1.873600e+04 2.306100e+04 2.889800e+04
 2.306000e+03 3.493000e+03 3.752000e+03 8.066000e+03 9.338000e+03 1.144800e+04 1.699700e+04 1.873600e+04 2.306100e+04 2.889800e+04
 2.306000e+03 3.493000e+03 3.752000e+03 8.066000e+03 9.338000e+03 1.144800e+04 1.699700e+04 1.873600e+04 2.306100e+04 2.889800e+04
 1.147000e+03 1.729000e+03 1.914000e+03 3.929000e+03 4.710000e+03 5.705000e+03 8.345000e+03 9.438000e+03 1.144600e+04 1.434800e+04
 1.147000e+03 1.729000e+03 1.914000e+03 3.929000e+03 4.710000e+03 5.705000e+03 8.345000e+03 9.438000e+03 1.144600e+04 1.434800e+04
 1.147000e+03 1.729000e+03 1.914000e+03 3.929000e+03 4.710000e+03 5.705000e+03 8.345000e+03 9.438000e+03 1.144600e+04 1.434800e+04
 1.147000e+03 1.729000e+03 1.914000e+03 3.929000e+03 4.710000e+03 5.705000e+03 8.345000e+03 9.438000e+03 1.144600e+04 1.434800e+04
 1.147000e+03 1.729000e+03 1.914000e+03 3.929000e+03 4.710000e+03 5.705000e+03 8.345000e+03 9.438000e+03 1.144600e+04 1.434800e+04
 1.147000e+03 1.729000e+03 1.914000e+03 3.929000e+03 4.710000e+03 5.705000e+03 8.345000e+03 9.438000e+03 1.144600e+04 1.434800e+04
 1.147000e+03 1.729000e+03 1.914000e+03 3.929000e+03 4.710000e+03 5.705000e+03 8.345000e+03 9.438000e+03 1.144600e+04 1.434800e+04
 1.147000e+03 1.729000e+03 1.914000e+03 3.929000e+03 4.710000e+03 5.705000e+03 8.345000e+03 9.438000e+03 1.144600e+04 1.434800e+04
 1.147000e+03 1.729000e+03 1.914000e+03 3.929000e+03 4.710000e+03 5.705000e+03 8.345000e+03 9.438000e+03 1.144600e+04 1.434800e+04
 1.147000e+03 1.729000e+03 1.914000e+03 3.929000e+03 4.710000e+03 5.705000e+03 8.345000e+03 9.438000e+03 1.144600e+04 1.434800e+04
 1.147000e+03 1.729000e+03 1.914000e+03 3.929000e+03 4.710000e+03 5.705000e+03 8.345000e+03 9.438000e+03 1.144600e+04 1.434800e+04
 1.147000e+03 1.729000e+03 1.914000e+03 3.929000e+03 4.710000e+03 5.705000e+03 8.345000e+03 9.438000e+03 1.144600e+04 1.434800e+04
 1.147000e+03 1.729000e+03 1.914000e+03 3.929000e+03 4.710000e+03 5.705000e+03 8.345000e+03 9.438000e+03 1.144600e+04 1.434800e+04
 1.147000e+03 1.729000e+03 1.914000e+03 3.929000e+03 4.710000e+03 5.705000e+03 8.345000e+03 9.438000e+03 1.144600e+04 1.434800e+04
 1.147000e+03 1.729000e+03 1.914000e+03 3.929000e+03 4.710000e+03 5.705000e+03 8.345000e+03 9.438000e+03 1.144600e+04 1.434800e+04
 1.147000e+03 1.729000e+03 1.914000e+03 3.929000e+03 4.710000e+03 5.705000e+03 8.345000e+03 9.438000e+03 1.144600e+04 1.434800e+04
 1.147000e+03 1.729000e+03 1.914000e+03 3.929000e+03 4.710000e+03 5.705000e+03 8.345000e+03 9.438000e+03 1.144600e+04 1.434800e+04
 1.147000e+03 1.729000e+03 1.914000e+03 3.929000e+03 4.710000e+03 5.705000e+03 8.345000e+03 9.438000e+03 1.144600e+04 1.434800e+04
 1.147000e+03 1.729000e+03 1.914000e+03 3.929000e+03 4.710000e+03 5.705000e+03 8.345000e+03 9.438000e+03 1.144600e+04 1.434800e+04
 1.147000e+03 1.729000e+03 1.914000e+03 3.929000e+03 4.710000e+03 5.705000e+03 8.345000e+03 9.438000e+03 1.144600e+04 1.434800e+04
 1.147000e+03 1.729000e+03 1.914000e+03 3.929000e+03 4.710000e+03 5.705000e+03 8.345000e+03 9.438000e+03 1.144600e+04 1.434800e+04
 1.147000e+03 1.729000e+03 1.914000e+03 3.929000e+03 4.710000e+03 5.705000e+03 8.345000e+03 9.438000e+03 1.144600e+04 1.434800e+04
 1.147000e+03 1.729000e+03 1.914000e+03 3.929000e+03 4.710000e+03 5.705000e+03 8.345000e+03 9.438000e+03 1.144600e+04 1.434800e+04
 1.147000e+03 1.729000e+03 1.914000e+03 3.929000e+03 4.710000e+03 5.705000e+03 8.345000e+03 9.438000e+03 1.144600e+04 1.434800e+04
 1.147000e+03 1.729000e+03 1.914000e+03 3.929000e+03 4.710000e+03 5.705000e+03 8.345000e+03 9.438000e+03 1.144600e+04 1.434800e+04
 1.147000e+03 1.729000e+03 1.914000e+03 3.929000e+03 4.710000e+03 5.705000e+03 8.345000e+03 9.438000e+03 1.144600e+04 1.434800e+04
 1.147000e+03 1.729000e+03 1.914000e+03 3.929000e+03 4.710000e+03 5.705000e+03 8.345000e+03 9.438000e+03 1.144600e+04 1.434800e+04
 1.147000e+03 1.729000e+03 1.914000e+03 3.929000e+03 4.710000e+03 5.705000e+03 8.345000e+03 9.438000e+03 1.144600e+04 1.434800e+04
 1.147000e+03 1.729000e+03 1.914000e+03 3.929000e+03 4.710000e+03 5.705000e+03 8.345000e+03 9.438000e+03 1.144600e+04 1.434800e+04
 1.147000e+03 1.729000e+03 1.914000e+03 3.929000e+03 4.710000e+03 5.705000e+03 8.345000e+03 9.438000e+03 1.144600e+04 1.434800e+04
 1.147000e+03 1.729000e+03 1.914000e+03 3.929000e+03 4.710000e+03 5.705000e+03 8.345000e+03 9.438000e+03 1.144600e+04 1.434800e+04
 1.147000e+03 1.729000e+03 1.914000e+03 3.929000e+03 4.710000e+03 5.705000e+03 8.345000e+03 9.438000e+03 1.144600e+04 1.434800e+04
 1.147000e+03 1.729000e+03 1.914000e+03 3.929000e+03 4.710000e+03 5.705000e+03 8.345000e+03 9.438000e+03 1.144600e+04 1.434800e+04
 1.147000e+03 1.729000e+03 1.914000e+03 3.929000e+03 4.710000e+03 5.705000e+03 8.345000e+03 9.438000e+03 1.144600e+04 1.434800e+04
 1.147000e+03 1.729000e+03 1.914000e+03 3.929000e+03 4.710000e+03 5.705000e+03 8.345000e+03 9.438000e+03 1.144600e+04 1.434800e+04
