5.153500118538352837e+01
5.131675853066941784e+01
5.134868583733568670e+01
5.138906841568100958e+01
5.146312627402689799e+01
5.153031049473362657e+01
5.140204587434726591e+01
5.146153032455723775e+01
5.155047052096446691e+01
5.121812382260669239e+01
5.144974895384319780e+01
5.133763044742226356e+01
5.138416672308454736e+01
5.133128564197433263e+01
5.134544292748211092e+01
5.142075221731030155e+01
5.135519191467401612e+01
5.129981418716823782e+01
5.130878916977583515e+01
5.127555956879319865e+01
5.136657958581686501e+01
5.144280072903477929e+01
5.148398785836607061e+01
5.159224238884389280e+01
5.147205320686655483e+01
5.142369697701564490e+01
5.133134130498178394e+01
5.149394090905561683e+01
5.137492001179423795e+01
5.149860680555748615e+01
5.157293715380001942e+01
5.149014170178958238e+01
5.130053108542318085e+01
5.148836385236258195e+01
5.128163931722474445e+01
5.136070315707382861e+01
5.134314166695127568e+01
5.147621989439326029e+01
5.130026763397618339e+01
5.137207196546259524e+01
5.146192051062009654e+01
5.142563811532468065e+01
5.124032036108508947e+01
5.147726523460007542e+01
5.135723933840382216e+01
5.149147060805781706e+01
5.131979750306215493e+01
5.134479050314033799e+01
5.155336536316284679e+01
5.142845502619154985e+01
5.142433983775034534e+01
5.134384850463550976e+01
5.151032689506179452e+01
5.145420127926451670e+01
5.137422160659610881e+01
5.140390791243770963e+01
5.143896120922669013e+01
5.145535326853466529e+01
5.148144742863725298e+01
5.131963550112126171e+01
5.132207807809003697e+01
5.138525620919146775e+01
5.148292518435374632e+01
5.140553140873354465e+01
5.141182385307965319e+01
5.146651293351962408e+01
5.133141088357132986e+01
5.160917299813627324e+01
5.141878045166073008e+01
5.133634795174223342e+01
5.131860398039870574e+01
5.149951550114466414e+01
5.149431677631987014e+01
5.149590063829231923e+01
5.122746532593071578e+01
5.138626990738023892e+01
5.150293507638264145e+01
5.145140481531365850e+01
5.157411392138373429e+01
5.134543660562036393e+01
5.146144473456505608e+01
5.136300284426401674e+01
5.147169840339356028e+01
5.128830180615671708e+01
5.126060633150909496e+01
5.142488436603465374e+01
5.154586544647779078e+01
5.147335662727932970e+01
5.153131096253539312e+01
5.127121184207314997e+01
5.132334863241961642e+01
5.126471740716154812e+01
5.144934724971098916e+01
5.138302416484900448e+01
5.139743435239847003e+01
5.147567519368203648e+01
5.155210361316300549e+01
5.150304189152193857e+01
5.143908466727281592e+01
5.144049053546942929e+01
5.133118696634625877e+01
5.151980009695719787e+01
5.126165921529945280e+01
5.128516658378079995e+01
5.138598713631618153e+01
5.141753226097138452e+01
5.154518421196355860e+01
5.143309500921436239e+01
5.123528223028875317e+01
5.144807283646395035e+01
5.135371059029247220e+01
5.131195695483344821e+01
5.161514563514221976e+01
5.146103691951577019e+01
5.130959444717980489e+01
5.137748614052459573e+01
5.140229566777945536e+01
5.149058048731961179e+01
5.150071699130608494e+01
5.133218509078670877e+01
5.153509908205869294e+01
5.120983265544005292e+01
5.144315719080643845e+01
5.152081980968534225e+01
5.162198875552563493e+01
5.141908303421703863e+01
5.145322928753967062e+01
5.148258184952722161e+01
5.139528286688008052e+01
5.151489059470794984e+01
5.155466969187602189e+01
5.142635907223164793e+01
5.146810605729724841e+01
5.136093566227930296e+01
5.133772277452035127e+01
5.139337098519678904e+01
5.137621573678569575e+01
5.149161392970693640e+01
5.146439113211665983e+01
5.140869485050959753e+01
5.143315171213935599e+01
5.164050612268677298e+01
5.141741626441566382e+01
5.151734357887642091e+01
5.127486986491245347e+01
5.152618645008729459e+01
5.150667334266837827e+01
5.141422237104130488e+01
5.152594162302650460e+01
5.141131940441574955e+01
5.137360401366600371e+01
5.141187303629474314e+01
5.140458028193017270e+01
5.136902275343273772e+01
5.132650070225921013e+01
5.143221798805303280e+01
5.133968053672057152e+01
5.139701416439568504e+01
5.150858561733566887e+01
5.159612173643943578e+01
5.139024478374663829e+01
5.143579266985863541e+01
5.139120401397997284e+01
5.145272690954575268e+01
5.133896093734951194e+01
5.138737318971897139e+01
5.145588958692520265e+01
5.139496738465261672e+01
5.153969980631552517e+01
5.136505975261736268e+01
5.145532053512535242e+01
5.144560316625040031e+01
5.152194245164637465e+01
5.161578498702984774e+01
5.136937645027195742e+01
5.142772026442558797e+01
5.140415894925892104e+01
5.153412386396199452e+01
5.147052198099513731e+01
5.151726947780979060e+01
5.146195197698024515e+01
5.149470269452417881e+01
5.159832035876295464e+01
5.131121252252107467e+01
5.138157979752340765e+01
5.147488391044957723e+01
5.131953298373962724e+01
5.131250513692734927e+01
5.137948128001977466e+01
5.125230479422641139e+01
5.145512791075770309e+01
5.144738523155345433e+01
5.141541145864257345e+01
5.136311908672013260e+01
5.148757044429190444e+01
5.145538096600232336e+01
5.126444217215161103e+01
5.143674768226446758e+01
5.127378329009184199e+01
5.149469012398976986e+01
5.141518448964674093e+01
5.147963627614181092e+01
5.141655509970679816e+01
5.136540845047872494e+01
5.129268337857305227e+01
5.142322553559463216e+01
5.141640631576583331e+01
5.142405370368274475e+01
5.126940863147634531e+01
5.142092871069802840e+01
5.147745517754047739e+01
5.136384432668415911e+01
5.150229291955976407e+01
5.150749003450333419e+01
5.133437096157850732e+01
5.151289336901831462e+01
5.139202816609330426e+01
5.149712115116891198e+01
5.154723915192059991e+01
5.150655774727021452e+01
5.150498459309932286e+01
5.139045935151322197e+01
5.125049898383893776e+01
5.156875599882042138e+01
5.145881270331331336e+01
5.137549337185021869e+01
5.143156902354279225e+01
5.139918947784969561e+01
5.153998214807378986e+01
5.145347354798219186e+01
5.143231501629090729e+01
5.164258972985088292e+01
5.149562786900860090e+01
5.126106047223157702e+01
5.151632372852543540e+01
5.147198904064332226e+01
5.137301040319419343e+01
5.141436234073060518e+01
5.148660222699030697e+01
5.148986384232882330e+01
5.131805213142757083e+01
5.143631931696970838e+01
5.145399605609071614e+01
5.143244354663973894e+01
5.143650074314201959e+01
5.133367524743681543e+01
5.138768371602130713e+01
5.138823028368924639e+01
5.142696153470221532e+01
5.127576115153375724e+01
5.143704375410710838e+01
5.144756406097263834e+01
5.152492839091296872e+01
5.149144672103872722e+01
5.116865350125411993e+01
5.131232156686081680e+01
5.139086450105734372e+01
5.133565735060281554e+01
5.140558312682132680e+01
5.148578109988494589e+01
5.130089332674466363e+01
5.136752580395194911e+01
5.145012798553280930e+01
5.142672332424104553e+01
5.144479584373762293e+01
5.144413460127488236e+01
5.145434858568676617e+01
5.135068195126994794e+01
5.130719626674906664e+01
5.148704107285074372e+01
5.145352642880353500e+01
5.144035826619891338e+01
5.141446826323215191e+01
5.153507147021361590e+01
5.147624756941035429e+01
5.142262046441972956e+01
5.155585481794953040e+01
5.143424416408566913e+01
5.149279190285854924e+01
5.137513597049829883e+01
5.125407494864253977e+01
5.143522065336200200e+01
5.136163316526574363e+01
5.144852115504183843e+01
5.144766606874647863e+01
5.151316469933454556e+01
5.143253301346413053e+01
5.125242280832497244e+01
5.152806338026353217e+01
5.140791411697596658e+01
5.126218056704500015e+01
5.146742905466203410e+01
5.130874738582449623e+01
5.143360659107978705e+01
5.150206922907808149e+01
5.137649987826534215e+01
5.147987777050440883e+01
5.144194797181891232e+01
5.132422305109480476e+01
5.134436060207017505e+01
5.139856365247439385e+01
5.136549309743384129e+01
5.144202858818673008e+01
5.136867031495180669e+01
5.133781636603426790e+01
5.145270676385770514e+01
5.123018468541441450e+01
5.143985563676734074e+01
5.141739230854004461e+01
5.151101156437449191e+01
5.124110874905857571e+01
5.140786871009568415e+01
5.145300265206525125e+01
5.139299237789121833e+01
5.132927663262654505e+01
5.130424065047200344e+01
5.138915803359834200e+01
5.145516819832641886e+01
5.137056761487529855e+01
5.139623307594854396e+01
5.130232577640298786e+01
5.134758594890448791e+01
5.142929184763895023e+01
5.145319906959176848e+01
5.147324465649592895e+01
5.139109168492221613e+01
5.140506215693758207e+01
5.147854952347064028e+01
5.142402723296932265e+01
5.149202000338010521e+01
5.137984240896145849e+01
5.146918444293023498e+01
5.141857494564388986e+01
5.147206453030110396e+01
5.145221696696263791e+01
5.146436218581075650e+01
5.145042264418404443e+01
5.134300130867295309e+01
5.129641561414479867e+01
5.141953564064340299e+01
5.129767350600023690e+01
5.152640616469943780e+01
5.132591612441058970e+01
5.155643168499985762e+01
5.147085918564048512e+01
5.145148036538586211e+01
5.139124818819400531e+01
5.146364481043518424e+01
5.137389197295345866e+01
5.151426757740206597e+01
5.141740239522723499e+01
5.131097197004737609e+01
5.137866051354493635e+01
5.147289616004124468e+01
